Div,Date,Time,HomeTeam,AwayTeam,Referee,B365H,B365D,B365A,BFDH,BFDD,BFDA,BVH,BVD,BVA,BWH,BWD,BWA,PPH,PPD,PPA,SKBH,SKBD,SKBA,MaxH,MaxD,MaxA,AvgH,AvgD,AvgA,BFEH,BFED,BFEA,B365>2.5,B365<2.5,Max>2.5,Max<2.5,Avg>2.5,Avg<2.5,BFE>2.5,BFE<2.5,AHh,B365AHH,B365AHA,MaxAHH,MaxAHA,AvgAHH,AvgAHA,BFEAHH,BFEAHA,B365CH,B365CD,B365CA,BFDCH,BFDCD,BFDCA,BVCH,BVCD,BVCA,BWCH,BWCD,BWCA,PPCH,PPCD,PPCA,SKBCH,SKBCD,SKBCA,MaxCH,MaxCD,MaxCA,AvgCH,AvgCD,AvgCA,BFECH,BFECD,BFECA,B365C>2.5,B365C<2.5,MaxC>2.5,MaxC<2.5,AvgC>2.5,AvgC<2.5,BFEC>2.5,BFEC<2.5,AHCh,B365CAHH,B365CAHA,MaxCAHH,MaxCAHA,AvgCAHH,AvgCAHA,BFECAHH,BFECAHA
B1,28/08/2026,19:45,Genk,Beveren,,1.42,4.1,6,1.44,4.5,6,1.44,4.6,6,1.49,4.6,6,1.36,4.4,6,1.4,4.2,5.75,1.49,4.75,6.5,1.44,4.48,6.04,1.5,5,6.6,1.48,2.6,1.52,2.6,1.49,2.52,1.52,2.82,-1.25,1.95,1.85,1.98,1.85,1.92,1.8,1.99,1.89,,,,,,,,,,,,,,,,,,,,,,,,,,,,,,,,,,,,,,,,,,,,
B1,29/08/2026,15:00,RAAL La Louviere,Mechelen,,2.3,3.2,2.88,2.38,3.1,2.88,2.3,3.2,3,2.4,3.3,2.95,2.3,3,2.8,2.3,3,2.8,2.4,3.3,3.1,2.34,3.13,2.95,2.42,3.15,3.4,2.1,1.7,2.15,1.7,2.11,1.67,2.16,1.71,-0.25,2.03,1.78,2.03,1.78,1.99,1.75,2.05,1.87,,,,,,,,,,,,,,,,,,,,,,,,,,,,,,,,,,,,,,,,,,,,
B1,29/08/2026,17:15,Kortrijk,Charleroi,,3.7,3.4,1.91,3.5,3.5,1.91,3.6,3.5,1.91,3.6,3.5,2,3.5,3.5,1.9,3.4,3.4,1.85,3.75,3.6,2,3.58,3.49,1.94,3.85,3.65,2.08,1.8,2,1.8,2,1.77,1.96,1.84,2.04,0.5,1.85,1.95,1.85,1.95,1.8,1.91,1.9,2.08,,,,,,,,,,,,,,,,,,,,,,,,,,,,,,,,,,,,,,,,,,,,
B1,29/08/2026,19:45,Cercle Brugge,Lommel SK,,1.5,4.33,5.25,1.5,4.33,5.5,1.5,4.33,5.25,1.55,4.5,5.5,1.44,4.4,5.5,1.44,4.2,5.25,1.55,4.5,5.5,1.5,4.38,5.38,1.6,4.6,6,1.5,2.5,1.5,2.55,1.49,2.5,1.54,2.62,-1,1.85,1.95,1.85,1.95,1.81,1.91,1.99,2,,,,,,,,,,,,,,,,,,,,,,,,,,,,,,,,,,,,,,,,,,,,
B1,29/08/2026,19:45,Oud-Heverlee Leuven,Standard,,2.8,3.25,2.35,2.63,3.4,2.38,2.88,3.3,2.3,2.85,3.5,2.37,2.63,3.3,2.3,2.63,3.25,2.3,2.88,3.5,2.45,2.79,3.33,2.35,3.1,3.25,2.44,1.9,1.9,1.9,1.93,1.84,1.86,1.94,1.92,0.25,1.78,2.03,1.78,2.03,1.75,1.99,1.84,2.09,,,,,,,,,,,,,,,,,,,,,,,,,,,,,,,,,,,,,,,,,,,,
B1,30/08/2026,12:30,Gent,Club Brugge,,4.1,3.8,1.7,4.2,3.75,1.7,4.2,3.9,1.7,4.33,4,1.73,4.2,3.8,1.65,4,3.75,1.67,4.33,4.2,1.75,4.15,3.9,1.7,4.7,4.2,1.72,1.6,2.3,1.6,2.38,1.57,2.3,1.62,2.28,0.75,1.88,1.93,1.88,1.93,1.83,1.89,,,,,,,,,,,,,,,,,,,,,,,,,,,,,,,,,,,,,,,,,,,,,,
B1,30/08/2026,15:00,Antwerp,St Truiden,,2.45,3.4,2.7,2.38,3.5,2.63,2.4,3.4,2.63,2.5,3.5,2.65,2.38,3.4,2.6,2.38,3.3,2.5,2.5,3.5,2.75,2.42,3.41,2.65,2.42,3.15,2.7,1.8,2,1.8,2.1,1.75,2,1.8,2.04,0,1.8,2,1.8,2,1.78,1.95,,,,,,,,,,,,,,,,,,,,,,,,,,,,,,,,,,,,,,,,,,,,,,
B1,30/08/2026,17:30,St. Gilloise,Anderlecht,,1.67,3.7,4.75,1.67,3.75,4.5,1.65,3.75,4.6,1.71,3.9,4.6,1.65,3.8,4.4,1.67,3.6,4.2,1.71,3.9,4.75,1.67,3.76,4.54,1.71,3.95,5,1.75,2.05,1.8,2.1,1.74,2.01,1.79,2,-0.75,1.88,1.93,1.88,1.93,1.84,1.88,,,,,,,,,,,,,,,,,,,,,,,,,,,,,,,,,,,,,,,,,,,,,,
B1,30/08/2026,18:15,Westerlo,Waregem,,2.8,3.6,2.2,2.75,3.75,2.2,2.8,3.6,2.2,2.85,3.75,2.25,2.63,3.75,2.2,2.6,3.6,2.15,2.88,3.75,2.25,2.79,3.65,2.22,2.94,3.8,2.42,1.53,2.4,1.55,2.5,1.51,2.43,1.55,2.5,0.25,1.83,1.98,1.83,1.98,1.8,1.93,,,,,,,,,,,,,,,,,,,,,,,,,,,,,,,,,,,,,,,,,,,,,,
D1,28/08/2026,19:30,Bayern Munich,Stuttgart,,1.22,7,10,1.2,7.5,11,1.18,7.5,11,1.25,7.25,8.75,1.18,7.5,11,1.18,8,11,1.25,8,12,1.2,7.38,10.37,1.25,8.2,12,1.2,4.5,1.2,5.5,1.17,4.78,1.2,5.6,-2,1.83,2.03,1.83,2.03,1.79,1.96,1.9,2.07,,,,,,,,,,,,,,,,,,,,,,,,,,,,,,,,,,,,,,,,,,,,
D1,29/08/2026,14:30,Elversberg,Leverkusen,,5,4.5,1.57,5,4.5,1.57,4.8,4.2,1.53,5.25,4.5,1.57,5,4.4,1.57,5,4.33,1.57,5.25,4.6,1.6,4.9,4.41,1.57,5.4,4.8,1.63,1.5,2.63,1.5,2.75,1.45,2.65,1.52,2.82,1,1.9,1.95,1.9,1.95,1.83,1.9,1.95,2,,,,,,,,,,,,,,,,,,,,,,,,,,,,,,,,,,,,,,,,,,,,
D1,29/08/2026,14:30,FC Koln,Hoffenheim,,2.88,3.75,2.25,2.8,3.75,2.3,2.75,3.6,2.2,2.8,3.7,2.3,2.88,3.8,2.2,2.8,3.75,2.2,2.92,3.8,2.3,2.83,3.69,2.25,3.1,3.9,2.36,1.53,2.5,1.67,2.55,1.53,2.41,1.6,2.6,0.25,1.85,2,1.85,2,1.8,1.94,1.93,2.05,,,,,,,,,,,,,,,,,,,,,,,,,,,,,,,,,,,,,,,,,,,,
D1,29/08/2026,14:30,Mainz,Paderborn,,1.65,4,5,1.67,4.2,4.6,1.6,3.8,4.6,1.68,4,4.6,1.67,4,4.75,1.67,3.9,4.75,1.69,4.2,5,1.66,3.98,4.71,1.72,4.3,5.2,1.67,2.2,1.67,2.3,1.62,2.22,1.71,2.36,-0.75,1.83,2.03,1.84,2.03,1.8,1.95,1.9,2.07,,,,,,,,,,,,,,,,,,,,,,,,,,,,,,,,,,,,,,,,,,,,
D1,29/08/2026,14:30,RB Leipzig,M'gladbach,,1.57,4.5,5.25,1.53,4.5,5.5,1.5,4.33,5,1.57,4.5,5,1.5,4.5,5.5,1.5,4.5,5.25,1.57,4.6,5.5,1.54,4.45,5.19,1.61,4.7,5.8,1.5,2.63,1.5,2.75,1.45,2.64,1.53,2.8,-1,1.93,1.93,1.93,1.93,1.86,1.88,1.96,1.98,,,,,,,,,,,,,,,,,,,,,,,,,,,,,,,,,,,,,,,,,,,,
D1,29/08/2026,14:30,Union Berlin,Ein Frankfurt,,2.6,3.6,2.6,2.6,3.75,2.5,2.45,3.5,2.45,2.55,3.6,2.55,2.6,3.5,2.5,2.6,3.5,2.5,2.6,3.75,2.6,2.55,3.57,2.52,2.72,3.7,2.7,1.62,2.3,1.62,2.3,1.6,2.26,1.66,2.42,0,1.93,1.93,1.93,1.93,1.87,1.86,2,1.97,,,,,,,,,,,,,,,,,,,,,,,,,,,,,,,,,,,,,,,,,,,,
D1,29/08/2026,17:30,Dortmund,Hamburg,,1.3,5.75,9,1.3,5.5,9,1.29,5,8.5,1.34,5.25,8.25,1.29,5.5,9,1.29,5.5,8.5,1.34,5.75,9.8,1.31,5.4,8.58,1.35,6,10,1.5,2.63,1.5,2.65,1.47,2.6,1.53,2.78,-1.5,1.88,1.98,1.88,1.98,1.84,1.89,1.93,2.02,,,,,,,,,,,,,,,,,,,,,,,,,,,,,,,,,,,,,,,,,,,,
D1,30/08/2026,14:30,Freiburg,Werder Bremen,,1.91,3.6,4,2,3.75,3.5,1.87,3.5,3.6,1.98,3.7,3.6,1.95,3.6,3.5,2,3.6,3.5,2,3.75,4,1.94,3.59,3.66,2.02,3.7,4,1.73,2.1,1.77,2.1,1.73,2.03,1.82,2.16,-0.5,1.93,1.93,1.93,1.93,1.89,1.83,2.02,1.96,,,,,,,,,,,,,,,,,,,,,,,,,,,,,,,,,,,,,,,,,,,,
D1,30/08/2026,16:30,Augsburg,Schalke 04,,2.15,3.7,3.1,2.15,3.75,3.1,2.1,3.4,3,2.15,3.6,3.2,2.1,3.7,3,2.1,3.6,3.1,2.2,3.75,3.25,2.13,3.59,3.09,2.24,3.85,3.35,1.73,2.1,1.73,2.2,1.66,2.13,1.74,2.28,-0.25,1.88,1.98,1.88,1.98,1.83,1.91,1.94,2.03,,,,,,,,,,,,,,,,,,,,,,,,,,,,,,,,,,,,,,,,,,,,
D2,28/08/2026,17:30,Bochum,Osnabruck,,1.73,3.75,4.5,1.73,3.75,4,1.75,3.8,4.2,1.8,3.8,4.2,1.73,3.7,4.2,1.7,3.5,3.9,1.8,3.8,4.5,1.75,3.72,4.17,1.84,4.1,4.6,1.67,2.15,1.7,2.2,1.65,2.12,1.73,2.34,-0.5,1.73,2.08,1.75,2.08,1.72,2.02,1.86,2.13,,,,,,,,,,,,,,,,,,,,,,,,,,,,,,,,,,,,,,,,,,,,
D2,28/08/2026,17:30,Braunschweig,Hertha,,2.88,3.4,2.35,2.75,3.5,2.3,2.7,3.5,2.38,2.75,3.5,2.45,2.7,3.4,2.3,2.63,3.3,2.3,2.88,3.5,2.45,2.72,3.44,2.37,2.92,3.75,2.5,1.65,2.2,1.67,2.25,1.62,2.18,1.69,2.38,0.25,1.78,2.03,1.78,2.08,1.73,2.01,1.83,2.15,,,,,,,,,,,,,,,,,,,,,,,,,,,,,,,,,,,,,,,,,,,,
D2,29/08/2026,12:00,Cottbus,Greuther Furth,,2.5,3.8,2.5,2.4,3.75,2.5,2.45,3.7,2.45,2.5,3.75,2.55,2.4,3.8,2.4,2.38,3.6,2.38,2.55,3.8,2.55,2.47,3.7,2.47,2.64,3.95,2.58,1.53,2.4,1.55,2.55,1.5,2.44,1.54,2.52,0,1.9,1.9,1.9,1.9,1.86,1.86,1.97,1.96,,,,,,,,,,,,,,,,,,,,,,,,,,,,,,,,,,,,,,,,,,,,
D2,29/08/2026,12:00,Heidenheim,Dresden,,2.5,3.5,2.7,2.25,3.6,2.75,2.3,3.6,2.63,2.3,3.7,2.8,2.2,3.7,2.7,2.15,3.5,2.63,2.5,3.75,2.8,2.29,3.6,2.71,2.4,3.9,2.86,1.53,2.4,1.58,2.5,1.52,2.39,1.57,2.56,-0.25,2.1,1.7,2.1,1.8,2.02,1.73,2.11,1.85,,,,,,,,,,,,,,,,,,,,,,,,,,,,,,,,,,,,,,,,,,,,
D2,29/08/2026,12:00,Karlsruhe,Wolfsburg,,3.2,3.7,2.1,3.1,3.75,2,3.13,3.7,2,3.4,3.8,2,3.1,3.8,2,3,3.6,1.95,3.4,3.8,2.1,3.2,3.7,2.01,3.35,3.8,2.14,1.53,2.4,1.55,2.55,1.5,2.44,1.58,2.46,0.25,2,1.8,2,1.8,1.98,1.75,2.06,1.86,,,,,,,,,,,,,,,,,,,,,,,,,,,,,,,,,,,,,,,,,,,,
D2,29/08/2026,19:30,Nurnberg,Bielefeld,,2.15,3.6,3.1,2.1,3.6,3,2.1,3.5,3,2.2,3.7,3,2.05,3.6,2.9,2.05,3.5,2.88,2.2,3.8,3.1,2.13,3.59,2.98,2.26,3.85,3.15,1.67,2.15,1.67,2.25,1.62,2.17,1.67,2.28,-0.25,1.9,1.9,1.9,1.9,1.87,1.86,1.97,1.98,,,,,,,,,,,,,,,,,,,,,,,,,,,,,,,,,,,,,,,,,,,,
D2,30/08/2026,12:30,Darmstadt,Hannover,,3.25,3.6,2.05,3,3.75,2.05,3,3.7,2.05,3,3.8,2.15,3,3.7,2,2.9,3.5,2,3.25,3.8,2.15,3.03,3.7,2.06,3.15,3.95,2.1,1.53,2.4,1.55,2.5,1.5,2.42,1.01,1.25,0.5,1.75,2.05,1.75,2.08,1.71,2.03,,,,,,,,,,,,,,,,,,,,,,,,,,,,,,,,,,,,,,,,,,,,,,
D2,30/08/2026,12:30,Magdeburg,Holstein Kiel,,2.15,3.6,3.1,2.1,3.75,2.88,2.15,3.6,2.9,2.15,3.8,3.1,2.1,3.7,2.88,2.1,3.5,2.8,2.2,3.8,3.1,2.15,3.64,2.93,2.2,3.9,3.05,1.57,2.35,1.58,2.5,1.53,2.37,1.61,2.46,-0.25,1.9,1.9,1.9,1.9,1.88,1.85,,,,,,,,,,,,,,,,,,,,,,,,,,,,,,,,,,,,,,,,,,,,,,
D2,30/08/2026,12:30,St Pauli,Kaiserslautern,,1.85,3.75,3.9,1.8,3.75,3.75,1.8,3.7,3.75,1.87,3.8,3.8,1.75,3.8,3.8,1.75,3.6,3.6,1.87,3.8,3.9,1.82,3.72,3.78,1.89,3.85,4.2,1.65,2.2,1.65,2.25,1.6,2.21,1.66,2.24,-0.5,1.85,1.95,1.85,1.95,1.81,1.91,,,,,,,,,,,,,,,,,,,,,,,,,,,,,,,,,,,,,,,,,,,,,,
E0,28/08/2026,20:00,Crystal Palace,Man City,A Madley,5,3.9,1.67,5,4,1.67,4.8,4,1.67,4.6,3.9,1.7,4.75,3.8,1.65,4.75,4,1.65,5,4.05,1.7,4.83,3.95,1.67,5.3,4.2,1.73,1.73,2.1,1.73,2.2,1.68,2.12,1.76,2.3,0.75,2,1.85,2,1.88,1.93,1.82,2.05,1.93,,,,,,,,,,,,,,,,,,,,,,,,,,,,,,,,,,,,,,,,,,,,
E0,29/08/2026,12:30,Liverpool,Nott'm Forest,S Barrott,1.5,4.5,5.75,1.53,4.33,6,1.5,4.5,6,1.55,4.6,5.25,1.5,4.33,6,1.5,4.33,5.75,2.25,4.6,6,1.57,4.39,5.53,1.56,4.8,6.4,1.62,2.3,2.2,2.38,1.63,2.24,1.66,2.48,-1,1.83,2.03,1.83,2.03,1.79,1.96,1.92,2.06,,,,,,,,,,,,,,,,,,,,,,,,,,,,,,,,,,,,,,,,,,,,
E0,29/08/2026,15:00,Bournemouth,Everton,C Kavanagh,2.05,3.5,3.6,2.1,3.6,3.3,2.05,3.6,3.5,2.05,3.5,3.5,2,3.5,3.5,2.05,3.4,3.5,2.6,3.6,3.6,2.1,3.5,3.41,2.14,3.65,3.75,1.91,1.91,2.5,1.93,1.88,1.87,1.94,2,-0.5,2.05,1.8,2.1,1.8,2.01,1.74,2.14,1.85,,,,,,,,,,,,,,,,,,,,,,,,,,,,,,,,,,,,,,,,,,,,
E0,29/08/2026,15:00,Coventry,Hull,J Smith,1.9,3.5,4.2,1.9,3.6,4.2,1.85,3.6,4.2,1.85,3.5,4.2,1.83,3.5,4.33,1.83,3.5,4.2,1.92,3.6,4.33,1.87,3.53,4.19,1.91,3.75,4.7,1.91,1.91,1.91,1.95,1.84,1.9,1.98,2,-0.5,1.88,1.98,1.88,1.98,1.82,1.91,1.91,2.08,,,,,,,,,,,,,,,,,,,,,,,,,,,,,,,,,,,,,,,,,,,,
E0,29/08/2026,17:30,Tottenham,Newcastle,P Bankes,2.25,3.75,2.9,2.25,3.75,2.88,2.25,3.75,2.9,2.25,3.6,2.9,2.25,3.6,2.9,2.25,3.6,2.9,2.3,3.75,2.98,2.25,3.65,2.88,2.38,3.85,3.05,1.62,2.3,2.2,2.3,1.64,2.19,1.68,2.44,-0.25,2,1.85,2,1.85,1.93,1.81,2.07,1.91,,,,,,,,,,,,,,,,,,,,,,,,,,,,,,,,,,,,,,,,,,,,
E0,30/08/2026,14:00,Chelsea,Brighton,M Oliver,1.83,4,4,1.83,3.75,4,1.8,3.8,3.9,1.82,4,3.9,1.8,3.8,4,1.8,3.8,4,1.88,4,4,1.82,3.85,3.93,1.88,4.1,4.3,1.62,2.3,2.25,2.38,1.64,2.22,1.67,2.46,-0.5,1.83,2.03,1.83,2.03,1.78,1.95,1.88,2.12,,,,,,,,,,,,,,,,,,,,,,,,,,,,,,,,,,,,,,,,,,,,
E0,30/08/2026,14:00,Leeds,Brentford,T Harrington,2.6,3.3,2.7,2.6,3.5,2.63,2.55,3.4,2.63,2.55,3.4,2.65,2.6,3.3,2.7,2.6,3.25,2.7,2.88,3.5,2.75,2.58,3.36,2.67,2.7,3.5,2.86,1.9,1.95,2.1,1.95,1.86,1.88,1.98,1.98,0,1.88,1.98,1.88,1.98,1.82,1.92,1.93,2.05,,,,,,,,,,,,,,,,,,,,,,,,,,,,,,,,,,,,,,,,,,,,
E0,30/08/2026,14:00,Sunderland,Fulham,M Salisbury,2.4,3.2,3.1,2.4,3.4,2.88,2.38,3.25,2.9,2.37,3.25,3,2.4,3.2,3,2.4,3.1,2.9,2.45,3.4,3.1,2.39,3.24,2.96,2.56,3.35,3.15,2,1.8,2.25,1.8,2.01,1.74,2.14,1.84,-0.25,2.05,1.8,2.05,1.8,2.01,1.75,2.19,1.83,,,,,,,,,,,,,,,,,,,,,,,,,,,,,,,,,,,,,,,,,,,,
E0,30/08/2026,16:30,Man United,Ipswich,C Pawson,1.42,5,7,1.4,5,7.5,1.36,4.8,7.5,1.43,5,6.5,1.4,4.75,7,1.4,4.75,7,1.43,5,7.8,1.4,4.82,6.94,1.45,5.1,8,1.57,2.38,1.6,2.38,1.57,2.29,1.65,2.46,-1.25,1.88,1.98,1.9,1.98,1.86,1.89,1.94,1.98,,,,,,,,,,,,,,,,,,,,,,,,,,,,,,,,,,,,,,,,,,,,
E0,31/08/2026,20:00,Aston Villa,Arsenal,J Gillett,6,4.1,1.53,6,4.2,1.53,6,4.1,1.5,5.75,4.1,1.55,6.5,4,1.5,6.25,4,1.5,6.5,4.2,1.55,5.99,4.11,1.52,7,4.4,1.56,1.83,2.03,1.83,2.1,1.75,2,1.9,2.06,1,1.93,1.93,1.93,1.93,1.87,1.86,1.97,1.95,,,,,,,,,,,,,,,,,,,,,,,,,,,,,,,,,,,,,,,,,,,,
E1,28/08/2026,20:00,Wrexham,Birmingham,R Jones,2.15,3.4,3.3,2.25,3.5,3.1,2.2,3.4,3.25,2.2,3.4,3.25,2.2,3.25,3.3,2.2,3.3,3.3,2.25,3.5,3.35,2.2,3.36,3.24,2.32,3.45,3.45,2,1.8,2.05,1.83,1.98,1.77,2.12,1.87,-0.25,1.93,1.93,1.93,1.93,1.86,1.89,1.98,1.99,,,,,,,,,,,,,,,,,,,,,,,,,,,,,,,,,,,,,,,,,,,,
E1,29/08/2026,12:30,Derby,Swansea,D Webb,2.2,3.25,3.2,2.3,3.4,3.1,2.3,3.3,3.1,2.25,3.3,3.1,2.25,3.3,3.1,2.25,3.3,3.1,2.35,3.4,3.2,2.28,3.29,3.1,2.44,3.4,3.3,2.1,1.73,2.1,1.75,2.06,1.71,2.14,1.81,-0.25,2,1.85,2,1.85,1.94,1.81,2.08,1.89,,,,,,,,,,,,,,,,,,,,,,,,,,,,,,,,,,,,,,,,,,,,
E1,29/08/2026,12:30,Middlesbrough,West Brom,P Tierney,1.71,3.8,4.5,1.73,3.75,4.6,1.73,3.75,4.6,1.75,3.8,4.5,1.73,3.8,4.5,1.73,3.75,4.33,1.77,3.85,4.65,1.74,3.76,4.5,1.84,4,4.7,1.88,1.98,1.88,2,1.81,1.93,1.89,2.08,-0.5,1.73,2.08,1.73,2.1,1.7,2.06,1.84,2.17,,,,,,,,,,,,,,,,,,,,,,,,,,,,,,,,,,,,,,,,,,,,
E1,29/08/2026,12:30,Wolves,Stoke,T Nield,1.45,4.33,6.5,1.53,4.33,6,1.5,4.2,6.5,1.51,4.33,6,1.5,4.33,6,1.5,4.33,6,1.53,4.5,6.5,1.5,4.3,6.11,1.57,4.5,6.8,1.73,2.1,1.73,2.1,1.69,2.09,1.77,2.2,-1,1.85,2,1.85,2,1.8,1.94,1.91,2.03,,,,,,,,,,,,,,,,,,,,,,,,,,,,,,,,,,,,,,,,,,,,
E1,29/08/2026,15:00,Blackburn,QPR,G Ward,2.5,3.3,2.65,2.4,3.4,2.88,2.5,3.3,2.8,2.45,3.3,2.85,2.63,3.2,2.7,2.6,3.2,2.7,2.63,3.4,2.88,2.48,3.29,2.78,2.64,3.45,2.9,2,1.8,2.05,1.8,1.99,1.76,2.1,1.86,0,1.85,2,1.85,2,1.79,1.96,1.87,2.13,,,,,,,,,,,,,,,,,,,,,,,,,,,,,,,,,,,,,,,,,,,,
E1,29/08/2026,15:00,Bolton,Lincoln,B Speedie,2.45,3.25,2.75,2.4,3.4,2.88,2.45,3.3,2.88,2.4,3.3,2.9,2.4,3.3,2.88,2.4,3.3,2.8,2.48,3.4,3,2.42,3.3,2.87,2.6,3.4,2.98,2.05,1.8,2.05,1.8,2,1.76,2.08,1.84,0,1.8,2.05,1.8,2.05,1.74,2.02,1.83,2.11,,,,,,,,,,,,,,,,,,,,,,,,,,,,,,,,,,,,,,,,,,,,
E1,29/08/2026,15:00,Bristol City,Portsmouth,J Bell,2.1,3.4,3.3,2.2,3.4,3.25,2.15,3.3,3.4,2.15,3.4,3.4,2.1,3.3,3.3,2.1,3.3,3.3,2.24,3.4,3.4,2.15,3.34,3.3,2.22,3.5,3.55,2.1,1.73,2.1,1.75,2.03,1.73,2.12,1.85,-0.25,1.88,1.98,1.88,1.98,1.83,1.91,1.92,2.04,,,,,,,,,,,,,,,,,,,,,,,,,,,,,,,,,,,,,,,,,,,,
E1,29/08/2026,15:00,Cardiff,Sheffield United,J Busby,2.55,3.5,2.5,2.5,3.6,2.6,2.6,3.5,2.55,2.55,3.6,2.6,2.5,3.6,2.6,2.5,3.6,2.6,2.65,3.6,2.62,2.55,3.53,2.57,2.7,3.7,2.7,1.73,2.1,1.73,2.12,1.7,2.07,1.81,2.16,0,1.93,1.93,1.93,1.93,1.88,1.85,1.98,1.98,,,,,,,,,,,,,,,,,,,,,,,,,,,,,,,,,,,,,,,,,,,,
E1,29/08/2026,15:00,Charlton,Preston,T Reeves,2.05,3.3,3.6,2.1,3.3,3.6,2.1,3.3,3.6,2.15,3.3,3.5,2.1,3.3,3.5,2.05,3.3,3.5,2.15,3.3,3.65,2.09,3.28,3.55,2.16,3.45,3.85,2.1,1.73,2.1,1.73,2.09,1.69,2.2,1.78,-0.5,2.08,1.73,2.08,1.73,2.04,1.71,2.16,1.83,,,,,,,,,,,,,,,,,,,,,,,,,,,,,,,,,,,,,,,,,,,,
E1,29/08/2026,15:00,Norwich,Burnley,E Bell,2.2,3.6,3,2.25,3.6,3,2.25,3.5,3,2.35,3.5,2.9,2.2,3.5,3,2.2,3.5,3,2.35,3.6,3.05,2.24,3.52,3,2.34,3.65,3.2,1.8,2,1.8,2,1.76,1.98,1.83,2.12,-0.25,1.98,1.88,1.98,1.88,1.92,1.82,2.02,1.93,,,,,,,,,,,,,,,,,,,,,,,,,,,,,,,,,,,,,,,,,,,,
E1,29/08/2026,15:00,Southampton,Millwall,A Herczeg,1.91,3.6,3.6,1.95,3.75,3.6,2,3.6,3.6,1.95,3.6,3.7,1.95,3.6,3.6,1.95,3.6,3.5,2.02,3.75,3.75,1.96,3.58,3.62,2.04,3.85,3.85,1.83,2.03,1.83,2.03,1.79,1.96,1.87,2.08,-0.5,2,1.85,2,1.85,1.92,1.81,2.04,1.92,,,,,,,,,,,,,,,,,,,,,,,,,,,,,,,,,,,,,,,,,,,,
E1,29/08/2026,15:00,Watford,West Ham,R Madley,3.9,3.8,1.79,3.75,3.75,1.9,3.8,3.8,1.87,3.9,3.75,1.87,3.75,3.8,1.85,3.6,3.8,1.85,3.95,3.8,1.9,3.8,3.78,1.86,4.2,4,1.91,1.62,2.3,1.65,2.3,1.6,2.23,1.68,2.36,0.5,1.98,1.88,1.98,1.88,1.91,1.81,2.07,1.91,,,,,,,,,,,,,,,,,,,,,,,,,,,,,,,,,,,,,,,,,,,,
E2,29/08/2026,12:30,Blackpool,Peterboro,M Coy,1.71,3.8,4.2,1.8,4,4,1.75,3.9,4.1,1.78,3.9,3.9,1.75,4,4,1.75,3.8,3.9,1.83,4,4.2,1.77,3.88,3.97,1.87,3.95,4.3,1.62,2.25,1.65,2.3,1.6,2.23,1.54,2.28,-0.5,1.75,2.05,1.78,2.05,1.74,1.99,1.87,2.11,,,,,,,,,,,,,,,,,,,,,,,,,,,,,,,,,,,,,,,,,,,,
E2,29/08/2026,12:30,Milton Keynes Dons,Leicester,T Parsons,2.7,3.4,2.35,2.75,3.6,2.4,2.75,3.5,2.4,2.8,3.5,2.3,2.7,3.5,2.4,2.63,3.4,2.38,2.8,3.6,2.5,2.73,3.47,2.38,2.84,3.75,2.54,1.75,2.05,1.77,2.08,1.72,2.02,1.79,2.16,0,2.05,1.8,2.05,1.8,1.98,1.76,2.08,1.88,,,,,,,,,,,,,,,,,,,,,,,,,,,,,,,,,,,,,,,,,,,,
E2,29/08/2026,15:00,Cambridge,Huddersfield,H Blair,3,3.3,2.3,2.8,3.6,2.4,2.63,3.4,2.4,2.8,3.4,2.35,2.75,3.5,2.38,2.7,3.4,2.3,3,3.6,2.4,2.81,3.4,2.35,2.98,3.55,2.42,1.8,2,1.8,2,1.76,1.98,1.9,2.08,0.25,1.8,2.05,1.8,2.07,1.72,2.04,1.85,2.08,,,,,,,,,,,,,,,,,,,,,,,,,,,,,,,,,,,,,,,,,,,,
E2,29/08/2026,15:00,Leyton Orient,Barnsley,S Jackson,2.15,3.4,3,2.25,3.6,3,2.25,3.5,3,2.25,3.5,2.9,2.2,3.5,3,2.2,3.4,2.9,2.3,3.75,3,2.22,3.51,2.95,2.28,3.75,3.15,1.75,2.05,1.8,2.05,1.76,1.97,1.79,2.16,-0.25,1.98,1.88,1.98,1.88,1.92,1.82,1.97,1.95,,,,,,,,,,,,,,,,,,,,,,,,,,,,,,,,,,,,,,,,,,,,
E2,29/08/2026,15:00,Notts County,Burton,K Dowle,2.2,3.4,3,2.3,3.4,3.1,2.3,3.3,3.1,2.3,3.3,2.95,2.2,3.4,3,2.2,3.3,3,2.33,3.4,3.1,2.26,3.33,3.02,2.3,3.25,3.1,2.03,1.83,2.03,1.83,1.94,1.79,2.02,1.81,-0.25,2,1.85,2,1.85,1.93,1.8,2.01,1.84,,,,,,,,,,,,,,,,,,,,,,,,,,,,,,,,,,,,,,,,,,,,
E2,29/08/2026,15:00,Plymouth,Bradford,C Brook,2.15,3.3,3.2,2.2,3.6,3.1,2.2,3.5,3.13,2.15,3.5,3,2.15,3.6,3,2.15,3.5,2.9,2.25,3.6,3.2,2.17,3.48,3.06,2.24,3.6,3.15,1.8,2,1.8,2,1.75,1.99,1.81,2.06,-0.25,1.9,1.95,1.9,1.95,1.86,1.87,1.95,1.92,,,,,,,,,,,,,,,,,,,,,,,,,,,,,,,,,,,,,,,,,,,,
E2,29/08/2026,15:00,Sheffield Weds,Bromley,W Finnie,1.79,3.6,4.1,1.9,3.6,4,1.8,3.7,4.2,1.85,3.6,3.9,1.85,3.6,4,1.83,3.5,3.8,1.9,3.75,4.2,1.83,3.62,4.04,1.84,3.85,4.4,1.88,1.98,1.88,2,1.81,1.92,1.85,1.99,-0.5,1.83,2.03,1.83,2.03,1.79,1.94,1.86,2.11,,,,,,,,,,,,,,,,,,,,,,,,,,,,,,,,,,,,,,,,,,,,
E2,29/08/2026,15:00,Stevenage,Doncaster,O Yates,2.15,3.2,3.3,2.3,3.4,3.1,2.25,3.25,3.2,2.15,3.3,3.2,2.3,3.2,3.1,2.3,3.1,3,2.3,3.4,3.35,2.24,3.23,3.16,2.44,3.35,3.2,2.1,1.7,2.1,1.73,2.05,1.7,2.12,1.75,-0.25,1.93,1.93,1.93,1.93,1.89,1.86,2.1,1.86,,,,,,,,,,,,,,,,,,,,,,,,,,,,,,,,,,,,,,,,,,,,
E2,29/08/2026,15:00,Stockport,Wycombe,E Duckworth,1.86,3.5,3.9,1.9,3.6,4,1.91,3.6,3.8,1.87,3.5,3.9,1.85,3.75,3.8,1.83,3.6,3.75,1.91,3.75,4,1.88,3.58,3.83,1.91,3.6,4,1.85,2,1.85,2,1.78,1.95,1.83,1.98,-0.5,1.9,1.95,1.9,1.95,1.85,1.87,1.91,1.94,,,,,,,,,,,,,,,,,,,,,,,,,,,,,,,,,,,,,,,,,,,,
E2,30/08/2026,14:00,AFC Wimbledon,Wigan,A Humphries,3.2,3.2,2.2,3.1,3.4,2.3,3.1,3.2,2.2,3,3.3,2.25,3,3.3,2.25,3,3.25,2.25,3.2,3.4,2.33,3.08,3.25,2.24,3.2,3.25,2.4,2.08,1.73,2.1,1.75,2.04,1.71,2.08,1.74,0.25,1.88,1.98,1.88,1.98,1.82,1.92,,,,,,,,,,,,,,,,,,,,,,,,,,,,,,,,,,,,,,,,,,,,,,
E2,30/08/2026,15:00,Mansfield,Luton,R Eley,2.85,3.4,2.25,2.8,3.75,2.3,2.7,3.6,2.25,2.8,3.6,2.3,2.75,3.8,2.25,2.7,3.6,2.25,2.9,3.8,2.35,2.77,3.58,2.27,2.82,3.65,2.34,1.65,2.2,1.65,2.3,1.59,2.23,1.52,2.14,0.25,1.8,2.05,1.8,2.05,1.76,1.99,,,,,,,,,,,,,,,,,,,,,,,,,,,,,,,,,,,,,,,,,,,,,,
E3,29/08/2026,12:30,Barnet,Cheltenham,A Byrne,1.57,3.8,5.25,1.62,4,5.5,1.62,4,5.25,1.62,3.8,5.25,1.53,4,5.5,1.53,3.9,5.5,1.62,4,6,1.59,3.85,5.42,1.6,4.2,6.2,1.85,2,1.85,2.05,1.78,1.96,1.79,2.02,-1,2.08,1.73,2.08,1.8,2.02,1.72,2.02,1.84,,,,,,,,,,,,,,,,,,,,,,,,,,,,,,,,,,,,,,,,,,,,
E3,29/08/2026,12:30,Port Vale,Crewe,B Toner,2.15,3.3,3.2,2.2,3.5,3.2,2.2,3.4,3.13,2.2,3.4,3.1,2.15,3.4,3.2,2.15,3.3,3.1,2.2,3.5,3.2,2.18,3.4,3.11,2.22,3.5,3.15,1.85,1.95,1.91,1.95,1.85,1.86,1.9,1.92,-0.25,1.93,1.93,1.93,1.93,1.88,1.85,1.93,1.89,,,,,,,,,,,,,,,,,,,,,,,,,,,,,,,,,,,,,,,,,,,,
E3,29/08/2026,13:00,Rotherham,Chesterfield,S Stockbridge,3,3.3,2.25,3,3.5,2.3,2.9,3.3,2.38,2.87,3.3,2.35,2.9,3.4,2.3,2.88,3.3,2.3,3,3.5,2.38,2.88,3.36,2.32,3.05,3.5,2.42,1.95,1.85,1.95,1.85,1.91,1.81,1.96,1.89,0.25,1.8,2.05,1.8,2.05,1.76,1.99,1.87,2.08,,,,,,,,,,,,,,,,,,,,,,,,,,,,,,,,,,,,,,,,,,,,
E3,29/08/2026,15:00,Colchester,Rochdale,D Bourne,2.2,3.3,3,2.3,3.4,3.1,2.25,3.4,3.1,2.3,3.3,3,2.2,3.4,3.1,2.2,3.3,3,2.3,3.5,3.1,2.23,3.36,3.05,2.3,3.45,3.35,2,1.85,2,1.85,1.93,1.8,1.99,1.9,-0.25,2,1.85,2,1.85,1.92,1.82,1.97,1.94,,,,,,,,,,,,,,,,,,,,,,,,,,,,,,,,,,,,,,,,,,,,
E3,29/08/2026,15:00,Crawley Town,Bristol Rvs,L Doughty,3.4,3.25,2.05,3.3,3.5,2.15,3.25,3.4,2.15,3.2,3.4,2.15,3.3,3.5,2.1,3.2,3.4,2.1,3.4,3.5,2.2,3.26,3.37,2.13,3.2,3.45,2.18,1.98,1.88,1.98,1.91,1.87,1.84,1.86,2.08,0.25,1.98,1.88,1.98,1.88,1.91,1.83,1.99,1.9,,,,,,,,,,,,,,,,,,,,,,,,,,,,,,,,,,,,,,,,,,,,
E3,29/08/2026,15:00,Gillingham,Northampton,E Swallow,2.45,3.3,2.65,2.6,3.4,2.63,2.63,3.3,2.63,2.6,3.25,2.6,2.5,3.4,2.63,2.5,3.3,2.6,2.63,3.4,2.66,2.56,3.28,2.62,2.78,3.3,2.68,2.03,1.83,2.03,1.83,1.97,1.75,2.1,1.84,0,1.88,1.98,1.88,1.98,1.85,1.88,2,1.9,,,,,,,,,,,,,,,,,,,,,,,,,,,,,,,,,,,,,,,,,,,,
E3,29/08/2026,15:00,Grimsby,Fleetwood Town,R Massey-Ellis,1.81,3.5,4.1,1.9,3.5,4.2,1.85,3.5,4.2,1.87,3.5,4,1.91,3.5,4,1.91,3.4,3.9,1.91,3.5,4.2,1.86,3.46,4.07,1.92,3.45,4.3,1.95,1.85,2,1.85,1.95,1.77,1.99,1.81,-0.5,1.88,1.98,1.88,1.98,1.82,1.9,1.92,2.05,,,,,,,,,,,,,,,,,,,,,,,,,,,,,,,,,,,,,,,,,,,,
E3,29/08/2026,15:00,Newport County,Tranmere,E Heaslip,2.5,3.2,2.65,2.6,3.3,2.75,2.6,3.2,2.7,2.5,3.2,2.7,2.6,3.3,2.63,2.5,3.25,2.6,2.64,3.3,2.8,2.56,3.18,2.69,2.62,3.4,2.92,2.15,1.67,2.15,1.73,2.06,1.69,2.16,1.76,0,1.88,1.98,1.88,1.98,1.83,1.9,1.87,2.09,,,,,,,,,,,,,,,,,,,,,,,,,,,,,,,,,,,,,,,,,,,,
E3,29/08/2026,15:00,Oldham,Swindon,D Whitestone,1.91,3.5,3.6,1.95,3.6,3.75,1.95,3.5,3.7,1.95,3.5,3.6,1.87,3.7,3.8,1.85,3.5,3.75,1.95,3.7,3.9,1.91,3.54,3.72,1.96,3.85,4,1.9,1.9,1.91,1.91,1.86,1.85,1.93,1.97,-0.5,2,1.85,2,1.88,1.89,1.82,1.96,2.01,,,,,,,,,,,,,,,,,,,,,,,,,,,,,,,,,,,,,,,,,,,,
E3,29/08/2026,15:00,Shrewsbury,Salford,I Searle,3.8,3.5,1.86,3.75,3.5,2,3.9,3.5,1.91,3.7,3.4,1.95,3.75,3.5,1.95,3.6,3.4,1.91,3.9,3.6,2,3.73,3.48,1.93,3.95,3.65,2.06,2,1.8,2,1.8,1.95,1.77,2.02,1.94,0.5,1.93,1.93,1.93,1.93,1.83,1.89,1.9,2.06,,,,,,,,,,,,,,,,,,,,,,,,,,,,,,,,,,,,,,,,,,,,
E3,29/08/2026,15:00,Walsall,Accrington,W Davis,1.81,3.4,4.1,1.9,3.5,4.2,1.85,3.5,4.2,1.87,3.6,3.9,1.85,3.5,4,1.83,3.4,3.9,1.9,3.6,4.2,1.85,3.47,4.05,1.9,3.6,4.6,2.05,1.75,2.05,1.8,1.99,1.74,2.06,1.8,-0.5,1.88,1.98,1.88,1.98,1.83,1.89,1.9,2.03,,,,,,,,,,,,,,,,,,,,,,,,,,,,,,,,,,,,,,,,,,,,
E3,29/08/2026,15:00,York,Exeter,O Langford,1.62,3.75,4.75,1.7,4,4.6,1.7,3.8,4.8,1.7,3.8,4.5,1.67,3.8,4.75,1.67,3.75,4.6,1.7,4,4.8,1.68,3.83,4.63,1.68,3.95,4.9,1.85,1.95,1.85,2,1.79,1.93,1.81,2.02,-0.75,1.9,1.95,1.9,1.95,1.85,1.89,1.94,1.95,,,,,,,,,,,,,,,,,,,,,,,,,,,,,,,,,,,,,,,,,,,,
EC,28/08/2026,19:45,Aldershot,Harrogate,T Sangowawa,2.7,3.75,2.1,2.88,3.5,2.2,2.9,3.5,2.15,2.87,3.3,2.1,2.8,3.5,2.15,2.8,3.4,2.15,2.9,3.75,2.2,2.85,3.54,2.14,3.1,3.75,2.3,1.65,2.2,1.65,2.25,1.61,2.19,1.7,2.3,0.25,1.85,1.95,1.85,1.95,1.83,1.88,1.91,2,,,,,,,,,,,,,,,,,,,,,,,,,,,,,,,,,,,,,,,,,,,,
EC,28/08/2026,19:45,Altrincham,Halifax,A Young,2.3,3.5,2.7,2.3,3.4,2.75,2.38,3.4,2.63,2.3,3.2,2.65,2.3,3.2,2.8,2.3,3.1,2.75,2.38,3.5,2.8,2.32,3.34,2.7,2.58,3.8,2.72,1.73,2.08,1.85,2.08,1.74,1.98,1.79,2.14,0,1.78,2.03,1.78,2.03,1.74,1.97,1.9,2.03,,,,,,,,,,,,,,,,,,,,,,,,,,,,,,,,,,,,,,,,,,,,
EC,28/08/2026,19:45,Barrow,Yeovil,R Martin,2.05,3.4,3.25,2.05,3.25,3.4,2.05,3.2,3.4,1.98,3.1,3.4,2,3.25,3.4,2,3.1,3.3,2.05,3.4,3.5,2.03,3.22,3.39,2.18,3.4,3.9,2.15,1.67,2.15,1.7,2.1,1.66,2.24,1.74,-0.25,1.83,1.98,1.83,1.98,1.76,1.95,1.86,2.11,,,,,,,,,,,,,,,,,,,,,,,,,,,,,,,,,,,,,,,,,,,,
EC,28/08/2026,19:45,Fylde,Forest Green,A Jackson,2.63,3.7,2.25,2.75,3.75,2.2,2.7,3.7,2.2,2.65,3.5,2.15,2.7,3.75,2.15,2.7,3.6,2.15,2.75,3.8,2.3,2.69,3.67,2.2,2.8,4,2.3,1.5,2.5,1.5,2.75,1.46,2.54,1.55,2.72,0.25,1.8,2,1.8,2,1.77,1.94,1.88,2.05,,,,,,,,,,,,,,,,,,,,,,,,,,,,,,,,,,,,,,,,,,,,
EC,28/08/2026,19:45,Gateshead,Sutton,G Rhodes,2.55,3.5,2.4,2.6,3.5,2.4,2.6,3.4,2.4,2.55,3.25,2.35,2.5,3.5,2.38,2.5,3.4,2.38,2.7,3.5,2.45,2.59,3.37,2.39,2.82,3.6,2.52,1.75,2.05,1.75,2.1,1.7,2.04,1.79,2.16,0,1.95,1.85,1.95,1.85,1.93,1.79,2.06,1.85,,,,,,,,,,,,,,,,,,,,,,,,,,,,,,,,,,,,,,,,,,,,
EC,28/08/2026,19:45,Hartlepool,Eastleigh,D Baines,1.7,3.7,4.2,1.73,3.6,4.2,1.7,3.6,4.4,1.72,3.4,4.1,1.67,3.5,4.5,1.67,3.4,4.5,1.75,3.7,4.5,1.72,3.53,4.25,1.8,3.8,4.9,1.85,1.95,1.85,1.95,1.79,1.91,1.89,2.02,-0.75,1.93,1.88,1.93,1.88,1.9,1.81,2.02,1.93,,,,,,,,,,,,,,,,,,,,,,,,,,,,,,,,,,,,,,,,,,,,
EC,28/08/2026,19:45,Hornchurch,Woking,S Mulhall,2.3,3.4,2.7,2.3,3.4,2.8,2.3,3.3,2.8,2.2,3.2,2.8,2.2,3.3,2.8,2.2,3.25,2.75,2.35,3.4,2.8,2.27,3.32,2.76,2.46,3.5,2.92,1.85,1.95,1.85,1.95,1.81,1.9,1.9,2,-0.25,2.08,1.73,2.08,1.73,2.01,1.72,2.12,1.81,,,,,,,,,,,,,,,,,,,,,,,,,,,,,,,,,,,,,,,,,,,,
EC,28/08/2026,19:45,Scunthorpe,Solihull,J Westgate,1.73,3.9,4,1.73,3.75,4,1.73,3.8,4,1.68,3.7,3.9,1.67,3.8,4,1.67,3.75,3.8,1.75,3.9,4,1.71,3.77,3.94,1.85,4.2,4.1,1.57,2.35,1.58,2.4,1.57,2.28,1.66,2.4,-0.75,1.95,1.85,1.95,1.85,1.92,1.8,2.08,1.85,,,,,,,,,,,,,,,,,,,,,,,,,,,,,,,,,,,,,,,,,,,,
EC,28/08/2026,19:45,Southend,Kidderminster,G Laflin,1.48,4.2,5.75,1.44,4.2,6.5,1.44,4.2,6.5,1.42,4.1,6,1.36,4.33,6.5,1.4,4.2,6,1.48,4.5,6.5,1.43,4.25,6.11,1.47,4.5,7.4,1.73,2.08,1.73,2.2,1.67,2.08,1.75,2.2,-1.25,2.05,1.75,2.05,1.75,1.98,1.74,2.03,1.9,,,,,,,,,,,,,,,,,,,,,,,,,,,,,,,,,,,,,,,,,,,,
EC,28/08/2026,19:45,Tamworth,Worthing,J Robinson,2.15,3.5,2.9,2.1,3.75,2.88,2.15,3.6,2.88,2.1,3.5,2.8,2.05,3.6,2.88,2.05,3.5,2.8,2.15,3.8,2.9,2.11,3.59,2.85,2.28,3.9,2.88,1.53,2.4,1.55,2.5,1.52,2.38,1.58,2.58,-0.25,1.9,1.9,1.9,1.9,1.86,1.84,2,1.9,,,,,,,,,,,,,,,,,,,,,,,,,,,,,,,,,,,,,,,,,,,,
EC,28/08/2026,19:45,Wealdstone,Carlisle,J Durkin,3.7,3.6,1.83,3.6,3.75,1.83,3.6,3.7,1.83,3.4,3.5,1.85,3.7,3.8,1.75,3.6,3.75,1.73,3.7,4,1.88,3.56,3.69,1.82,3.95,4.3,1.86,1.57,2.35,1.57,2.5,1.54,2.33,1.62,2.48,0.5,1.98,1.83,1.98,1.88,1.88,1.81,,,,,,,,,,,,,,,,,,,,,,,,,,,,,,,,,,,,,,,,,,,,,,
F1,28/08/2026,19:45,Lille,Paris SG,,5,3.8,1.7,4.6,4,1.7,5,3.9,1.67,4.75,3.9,1.71,4.75,3.8,1.67,4.75,4,1.67,5,4,1.73,4.81,3.86,1.69,5.3,4.1,1.75,1.8,2,1.8,2.1,1.73,2.03,1.83,2.18,0.75,1.98,1.88,1.98,1.9,1.89,1.85,2,1.96,,,,,,,,,,,,,,,,,,,,,,,,,,,,,,,,,,,,,,,,,,,,
F1,29/08/2026,16:15,Strasbourg,Lens,,3.5,3.6,2.05,3.3,3.6,2.1,3.2,3.6,2,3.4,3.7,2.05,3.5,3.5,2,3.4,3.4,2,3.55,3.7,2.1,3.39,3.55,2.04,3.65,3.75,2.14,1.67,2.2,1.67,2.25,1.62,2.21,1.69,2.34,0.5,1.75,2.05,1.8,2.05,1.75,2,1.85,2.14,,,,,,,,,,,,,,,,,,,,,,,,,,,,,,,,,,,,,,,,,,,,
F1,29/08/2026,19:45,Auxerre,Angers,,1.95,3.5,4.1,1.95,3.5,4,1.9,3.4,3.75,1.93,3.5,3.9,1.91,3.5,3.8,1.91,3.5,3.8,1.98,3.5,4.1,1.93,3.47,3.88,2,3.6,4.1,2.03,1.83,2.03,1.83,1.97,1.77,2.08,1.87,-0.5,1.95,1.9,1.95,1.9,1.88,1.84,2,1.94,,,,,,,,,,,,,,,,,,,,,,,,,,,,,,,,,,,,,,,,,,,,
F1,29/08/2026,19:45,Brest,Toulouse,,2.63,3.4,2.63,2.63,3.4,2.6,2.55,3.25,2.55,2.6,3.4,2.6,2.63,3.3,2.6,2.63,3.3,2.6,2.68,3.4,2.68,2.62,3.32,2.61,2.78,3.45,2.8,2,1.85,2,1.85,1.94,1.8,2.02,1.92,0,1.93,1.93,1.93,1.93,1.87,1.87,1.98,2,,,,,,,,,,,,,,,,,,,,,,,,,,,,,,,,,,,,,,,,,,,,
F1,29/08/2026,19:45,Lorient,Troyes,,1.8,3.6,4.5,1.9,3.5,4.2,1.8,3.4,4.1,1.85,3.6,4.1,1.85,3.5,4,1.85,3.5,4,1.9,3.6,4.5,1.84,3.5,4.17,1.89,3.7,4.5,2.05,1.8,2.05,1.8,1.99,1.76,2.06,1.86,-0.5,1.85,2,1.85,2,1.8,1.92,1.89,2.06,,,,,,,,,,,,,,,,,,,,,,,,,,,,,,,,,,,,,,,,,,,,
F1,29/08/2026,19:45,Lyon,Le Havre,,1.44,4.5,7,1.5,4.5,6.5,1.44,4.1,6.5,1.49,4.5,6.25,1.4,4.5,6.5,1.44,4.5,6.5,1.5,4.7,7.75,1.45,4.43,6.58,1.5,4.6,7.4,1.73,2.1,1.73,2.1,1.7,2.08,1.78,2.14,-1,1.75,2.05,1.75,2.1,1.72,2.04,1.81,2.16,,,,,,,,,,,,,,,,,,,,,,,,,,,,,,,,,,,,,,,,,,,,
F1,30/08/2026,14:00,Paris FC,Nice,,2.05,3.3,3.8,2.15,3.4,3.4,2,3.3,3.5,2.05,3.4,3.6,2,3.2,3.75,2.05,3.2,3.75,2.18,3.4,3.8,2.07,3.29,3.57,2.14,3.4,4,2.1,1.73,2.1,1.75,2.04,1.72,2.12,1.83,-0.5,2.08,1.73,2.1,1.73,2.04,1.71,2.14,1.85,,,,,,,,,,,,,,,,,,,,,,,,,,,,,,,,,,,,,,,,,,,,
F1,30/08/2026,16:15,Rennes,Le Mans,,1.44,5,6.5,1.44,4.6,7,1.4,4.5,6.5,1.44,4.75,6.75,1.4,4.5,7,1.4,4.5,7,1.47,5,7,1.42,4.67,6.63,1.44,5,7.6,1.57,2.38,1.57,2.4,1.54,2.37,1.6,2.5,-1.25,1.93,1.93,1.95,1.93,1.89,1.86,1.95,1.98,,,,,,,,,,,,,,,,,,,,,,,,,,,,,,,,,,,,,,,,,,,,
F1,30/08/2026,19:45,Monaco,Marseille,,2.4,3.7,2.75,2.4,3.8,2.63,2.3,3.6,2.63,2.4,3.7,2.65,2.3,3.8,2.63,2.38,3.75,2.63,2.5,3.8,2.75,2.38,3.68,2.66,2.48,3.8,2.88,1.57,2.38,1.58,2.4,1.54,2.37,1.54,2.36,0,1.8,2.05,1.8,2.05,1.77,1.98,1.83,2.13,,,,,,,,,,,,,,,,,,,,,,,,,,,,,,,,,,,,,,,,,,,,
F2,28/08/2026,19:00,Clermont,Sochaux,,2.4,3,2.63,2.5,3.2,2.6,2.55,3.2,2.75,2.6,3.1,2.7,2.5,3,2.8,2.45,2.9,2.75,2.65,3.2,2.8,2.54,3.1,2.71,2.68,3.25,3.05,2.1,1.7,2.15,1.7,2.1,1.67,2.24,1.75,0,1.8,2,1.85,2,1.79,1.93,1.86,2.12,,,,,,,,,,,,,,,,,,,,,,,,,,,,,,,,,,,,,,,,,,,,
F2,28/08/2026,19:00,Laval,Grenoble,,2,3,3.5,2.05,3.2,3.5,2.05,3.3,3.6,2.05,3.2,3.6,2,3.2,3.5,2,3.1,3.4,2.1,3.3,3.8,2.05,3.15,3.59,2.12,3.3,4.2,2.08,1.73,2.1,1.73,2.04,1.7,2.18,1.81,-0.5,2.08,1.73,2.08,1.73,2.03,1.71,2.12,1.86,,,,,,,,,,,,,,,,,,,,,,,,,,,,,,,,,,,,,,,,,,,,
F2,28/08/2026,19:00,Montpellier,Boulogne,,1.6,3.3,5,1.67,3.6,4.6,1.67,3.7,5,1.68,3.7,4.8,1.62,3.6,4.75,1.62,3.5,4.6,1.7,3.8,5.25,1.66,3.59,4.88,1.73,3.85,5.6,2.05,1.75,2.05,1.8,1.99,1.75,2.08,1.87,-0.75,1.93,1.88,1.93,1.88,1.88,1.85,1.96,1.99,,,,,,,,,,,,,,,,,,,,,,,,,,,,,,,,,,,,,,,,,,,,
F2,28/08/2026,19:00,Nancy,Dunkerque,,2.38,3.1,2.63,2.4,3.3,2.75,2.45,3.4,2.7,2.45,3.3,2.7,2.4,3.3,2.63,2.38,3.25,2.6,2.55,3.4,2.75,2.43,3.31,2.69,2.56,3.55,2.9,1.85,1.95,1.85,1.95,1.81,1.9,1.87,2.08,0,1.8,2,1.8,2,1.78,1.96,1.85,2.1,,,,,,,,,,,,,,,,,,,,,,,,,,,,,,,,,,,,,,,,,,,,
F2,28/08/2026,19:00,Rodez,Pau FC,,1.62,3.6,4.33,1.67,3.75,4.5,1.65,3.9,4.75,1.68,3.9,4.6,1.62,3.8,4.5,1.62,3.75,4.33,1.7,4.2,4.75,1.65,3.88,4.51,1.72,4.2,4.9,1.67,2.15,1.67,2.2,1.65,2.13,1.74,2.28,-0.75,1.85,1.95,1.85,1.95,1.81,1.91,1.94,2,,,,,,,,,,,,,,,,,,,,,,,,,,,,,,,,,,,,,,,,,,,,
F2,29/08/2026,13:00,Annecy,Metz,,2.5,3,2.6,2.5,3.25,2.6,2.5,3.2,2.7,2.5,3.25,2.7,2.5,3.3,2.6,2.45,3.1,2.5,2.63,3.3,2.75,2.51,3.2,2.64,2.64,3.25,2.78,2.08,1.73,2.1,1.73,2.04,1.71,2.08,1.76,0,1.83,1.98,1.85,1.98,1.81,1.91,1.88,1.97,,,,,,,,,,,,,,,,,,,,,,,,,,,,,,,,,,,,,,,,,,,,
F2,29/08/2026,13:00,Red Star,Reims,,2.6,3,2.5,2.63,3.25,2.5,2.63,3.2,2.55,2.65,3.2,2.6,2.63,3.3,2.5,2.5,3.1,2.45,2.7,3.3,2.65,2.64,3.17,2.54,2.8,3.2,2.62,2.05,1.75,2.05,1.8,2,1.74,2.06,1.77,0,1.95,1.85,1.95,1.85,1.9,1.83,1.95,1.86,,,,,,,,,,,,,,,,,,,,,,,,,,,,,,,,,,,,,,,,,,,,
F2,29/08/2026,19:00,Guingamp,Nantes,,3,3.1,2.2,2.88,3.4,2.25,2.9,3.4,2.25,2.9,3.4,2.3,2.8,3.4,2.25,2.75,3.25,2.2,3,3.4,2.35,2.9,3.35,2.26,2.96,3.45,2.4,1.88,1.93,1.88,1.93,1.83,1.89,1.92,1.91,0.25,1.83,1.98,1.83,2,1.78,1.95,1.81,2.07,,,,,,,,,,,,,,,,,,,,,,,,,,,,,,,,,,,,,,,,,,,,
F2,31/08/2026,19:45,Dijon,St Etienne,,3.9,3.2,1.8,3.75,3.5,1.83,4,3.5,1.83,4.2,3.4,1.85,4,3.5,1.8,3.6,3.25,1.75,4.2,3.6,1.9,3.94,3.43,1.82,4.5,3.1,1.85,2,1.8,2,1.83,1.93,1.79,,,0.5,1.95,1.85,1.95,1.85,1.9,1.81,,,,,,,,,,,,,,,,,,,,,,,,,,,,,,,,,,,,,,,,,,,,,,
G1,29/08/2026,17:30,Volos NFC,Iraklis,,1.86,3.5,4.1,1.83,3.3,4,1.85,3.3,4,1.88,3.4,4,1.8,3.3,4,1.75,3.1,3.6,1.93,3.5,4.1,1.85,3.29,3.96,,,,2.1,1.7,2.2,1.73,2.1,1.67,,,-0.5,1.9,1.9,1.92,1.9,1.86,1.85,,,,,,,,,,,,,,,,,,,,,,,,,,,,,,,,,,,,,,,,,,,,,,
G1,29/08/2026,19:30,Panetolikos,Kalamata,,2.2,3.1,3.4,2.3,3,3.1,2.25,3,3.13,2.25,3.1,3.2,2.25,3.1,3.1,2.15,2.9,2.9,2.3,3.1,3.4,2.25,3.01,3.16,2.38,3,3.3,2.4,1.53,2.45,1.55,2.37,1.53,2.46,1.58,-0.25,1.98,1.83,1.98,1.83,1.93,1.8,2.01,1.84,,,,,,,,,,,,,,,,,,,,,,,,,,,,,,,,,,,,,,,,,,,,
G1,30/08/2026,17:30,Aris,OFI Crete,,1.61,3.7,5.25,1.62,3.75,5,1.6,3.7,5,1.65,3.9,4.8,1.62,3.8,4.75,1.57,3.5,4.33,1.65,3.9,5.25,1.62,3.71,4.83,1.68,3.9,5,1.85,1.95,1.91,1.95,1.85,1.87,1.86,1.95,-0.75,1.8,2,1.83,2,1.79,1.94,1.88,1.95,,,,,,,,,,,,,,,,,,,,,,,,,,,,,,,,,,,,,,,,,,,,
G1,30/08/2026,18:15,Atromitos,PAOK,,5,3.75,1.62,5,3.75,1.62,4.8,3.7,1.62,4.8,4,1.63,4.75,3.8,1.62,4.33,3.5,1.57,5,4,1.64,4.78,3.73,1.62,5.1,3.6,1.71,1.83,1.98,1.83,1.98,1.8,1.93,1.86,2,0.75,1.95,1.85,1.98,1.85,1.92,1.81,1.95,1.92,,,,,,,,,,,,,,,,,,,,,,,,,,,,,,,,,,,,,,,,,,,,
G1,30/08/2026,19:00,Asteras Tripolis,Olympiakos,,11,4.5,1.3,9,4.5,1.33,9.5,4.5,1.3,8.5,5,1.34,9.5,4.5,1.29,7.5,4.2,1.29,11,5.25,1.34,9.15,4.59,1.31,11.5,4.9,1.35,1.9,1.9,1.91,1.9,1.88,1.84,1.9,1.95,1.5,1.78,2.03,1.78,2.03,1.75,1.97,1.8,2.09,,,,,,,,,,,,,,,,,,,,,,,,,,,,,,,,,,,,,,,,,,,,
G1,30/08/2026,19:00,Kifisia,AEK,,9,4.5,1.33,8,4.6,1.33,8,4.5,1.33,7,5,1.38,8,4.75,1.3,6.5,4.33,1.3,9,5,1.38,7.7,4.64,1.33,9.8,4.9,1.36,1.7,2.1,1.7,2.2,1.67,2.1,1.73,2.16,1.25,2,1.8,2,1.8,1.96,1.77,2.03,1.85,,,,,,,,,,,,,,,,,,,,,,,,,,,,,,,,,,,,,,,,,,,,
G1,31/08/2026,17:30,Levadeiakos,Panathinaikos,,6.25,3.6,1.56,5,3.75,1.62,,,,5,3.8,1.65,5,3.8,1.6,4.5,3.5,1.55,6.25,3.8,1.65,5.17,3.65,1.6,5.5,4,1.63,1.85,1.95,1.85,1.95,1.83,1.88,1.71,1.97,0.75,2,1.8,2,1.8,1.96,1.79,2.08,1.76,,,,,,,,,,,,,,,,,,,,,,,,,,,,,,,,,,,,,,,,,,,,
I1,28/08/2026,19:45,Milan,Venezia,,1.45,4.5,7,1.5,4.5,6.5,1.44,4.4,7,1.49,4.5,6.25,1.44,4.33,7,1.44,4.5,7,1.5,4.6,7.2,1.46,4.42,6.7,1.51,4.7,7.6,1.73,2.1,1.75,2.1,1.7,2.09,1.79,2.24,-1.25,2.05,1.8,2.05,1.8,2,1.75,2.12,1.86,,,,,,,,,,,,,,,,,,,,,,,,,,,,,,,,,,,,,,,,,,,,
I1,29/08/2026,17:30,Fiorentina,Frosinone,,1.62,4.1,5.25,1.62,4,5.5,1.62,4,5.25,1.63,4,5,1.6,4,5,1.6,3.9,5,1.66,4.1,5.5,1.62,4,5.1,1.68,4.2,5.7,1.8,2,1.8,2.05,1.76,2.01,1.85,2.12,-0.75,1.8,2.05,1.8,2.05,1.77,1.99,1.86,2.13,,,,,,,,,,,,,,,,,,,,,,,,,,,,,,,,,,,,,,,,,,,,
I1,29/08/2026,17:30,Monza,Udinese,,3.1,3.2,2.4,3.1,3.25,2.38,3.1,3.13,2.38,3.1,3.2,2.35,3.2,3,2.38,3.2,3,2.38,3.2,3.25,2.4,3.12,3.12,2.38,3.35,3.25,2.5,2.2,1.67,2.25,1.67,2.21,1.64,2.38,1.7,0.25,1.8,2.05,1.8,2.05,1.77,1.98,1.88,2.11,,,,,,,,,,,,,,,,,,,,,,,,,,,,,,,,,,,,,,,,,,,,
I1,29/08/2026,17:30,Sassuolo,Torino,,2.25,3.25,3.3,2.3,3.4,3.1,2.25,3.3,3.2,2.3,3.3,3.1,2.2,3.2,3.3,2.25,3.2,3.25,2.3,3.4,3.33,2.25,3.28,3.21,2.36,3.4,3.45,2.03,1.83,2.03,1.83,1.99,1.77,2.1,1.85,-0.25,1.95,1.9,1.95,1.9,1.89,1.85,2.01,1.98,,,,,,,,,,,,,,,,,,,,,,,,,,,,,,,,,,,,,,,,,,,,
I1,29/08/2026,19:45,Juventus,Parma,,1.22,6.5,11,1.22,6,15,1.2,6.5,15,1.23,6.25,13,1.2,6,13,1.22,6,12,1.24,6.5,15,1.22,6.17,13.19,1.26,6.6,15,1.67,2.2,1.67,2.25,1.63,2.21,1.71,2.34,-1.75,1.9,1.95,1.9,1.95,1.83,1.9,1.95,1.97,,,,,,,,,,,,,,,,,,,,,,,,,,,,,,,,,,,,,,,,,,,,
I1,30/08/2026,17:30,Napoli,Como,,2.5,3,3.1,2.6,3.2,3,2.4,3.1,3,2.4,3.2,3,2.45,2.9,3,2.45,2.9,3,2.7,3.2,3.1,2.47,3.08,2.96,2.64,3.15,3.25,2.3,1.62,2.38,1.62,2.27,1.58,2.46,1.65,-0.25,2.1,1.78,2.15,1.78,2.07,1.71,2.2,1.8,,,,,,,,,,,,,,,,,,,,,,,,,,,,,,,,,,,,,,,,,,,,
I1,30/08/2026,19:45,Cagliari,Inter,,7,4.5,1.44,7.5,4.33,1.44,7.5,4.33,1.4,7.25,4.33,1.46,7.5,4.4,1.4,7.5,4.33,1.4,8.2,4.5,1.46,7.42,4.35,1.42,8.6,4.7,1.48,1.93,1.93,1.93,1.93,1.87,1.87,1.97,1.96,1.25,1.85,2,1.85,2,1.8,1.94,1.88,2.04,,,,,,,,,,,,,,,,,,,,,,,,,,,,,,,,,,,,,,,,,,,,
I1,30/08/2026,19:45,Lazio,Genoa,,2,3.1,4.33,2,3.25,4,1.95,3.2,3.9,1.98,3.2,4.1,1.95,3,4.33,2,3,4.33,2,3.25,4.33,1.97,3.13,4.15,2.06,3.2,4.7,2.38,1.57,2.38,1.62,2.3,1.58,2.46,1.64,-0.5,2,1.85,2,1.85,1.93,1.79,2.08,1.9,,,,,,,,,,,,,,,,,,,,,,,,,,,,,,,,,,,,,,,,,,,,
I1,31/08/2026,17:30,Lecce,Roma,,8,4,1.48,7,4.2,1.5,7.5,4,1.44,7,4.2,1.49,7.5,4,1.44,7.5,4,1.44,8,4.2,1.5,7.28,4.05,1.46,8.8,4.2,1.52,2.1,1.73,2.1,1.78,2.04,1.73,2.16,1.81,1,2.05,1.8,2.05,1.8,1.97,1.77,2.09,1.87,,,,,,,,,,,,,,,,,,,,,,,,,,,,,,,,,,,,,,,,,,,,
I1,31/08/2026,19:45,Atalanta,Bologna,,1.85,3.75,4,1.9,3.6,4,1.87,3.5,3.9,1.9,3.6,3.9,1.85,3.5,4,1.85,3.5,4,1.91,3.75,4.1,1.88,3.55,3.95,1.96,3.7,4.3,1.95,1.9,1.95,1.91,1.87,1.86,2.02,1.95,-0.5,1.9,1.95,1.9,1.95,1.83,1.88,1.96,2.03,,,,,,,,,,,,,,,,,,,,,,,,,,,,,,,,,,,,,,,,,,,,
I2,28/08/2026,19:30,Cremonese,Modena,,2.15,3,3.3,2.1,3.1,3.4,2.1,3.1,3.4,2.15,3.1,3.5,2.2,2.88,3.5,2.15,2.75,3.3,2.2,3.15,3.6,2.15,3.03,3.44,2.38,3.1,3.8,2.3,1.6,2.38,1.6,2.3,1.56,2.48,1.66,-0.25,1.9,1.9,1.9,1.93,1.82,1.9,1.99,1.98,,,,,,,,,,,,,,,,,,,,,,,,,,,,,,,,,,,,,,,,,,,,
I2,29/08/2026,18:00,Sampdoria,Juve Stabia,,1.81,3.1,4.33,1.9,3.2,4,1.85,3.2,4.1,1.95,3.2,4.1,1.91,3,4,1.91,2.9,3.9,1.95,3.3,4.33,1.89,3.15,4.14,1.92,3.3,4.8,2.35,1.57,2.38,1.58,2.31,1.55,2.44,1.63,-0.5,1.9,1.9,1.9,1.9,1.86,1.85,1.92,1.98,,,,,,,,,,,,,,,,,,,,,,,,,,,,,,,,,,,,,,,,,,,,
I2,29/08/2026,18:00,Virtus Entella,Cesena,,2.15,3.1,3.3,2.15,3.25,3.2,2.15,3.2,3.2,2.2,3.3,3.1,2.1,3.1,3.4,2.05,3,3.3,2.2,3.3,3.4,2.15,3.19,3.25,2.22,3.25,3.5,2.1,1.7,2.1,1.73,2.03,1.71,2.12,1.76,-0.25,1.9,1.9,1.9,1.93,1.84,1.89,1.89,1.96,,,,,,,,,,,,,,,,,,,,,,,,,,,,,,,,,,,,,,,,,,,,
I2,29/08/2026,20:00,Ascoli,Carrarese,,1.86,3.2,4.1,1.95,3.2,3.75,1.9,3.13,4,1.95,3.2,4,1.91,3.1,4,1.91,3,3.8,2,3.3,4.2,1.92,3.17,3.98,1.93,3.2,4.5,2.35,1.57,2.38,1.58,2.32,1.55,2.42,1.58,-0.5,1.95,1.85,1.95,1.85,1.9,1.81,1.93,1.94,,,,,,,,,,,,,,,,,,,,,,,,,,,,,,,,,,,,,,,,,,,,
I2,29/08/2026,20:00,Avellino,Vicenza,,2.35,3.1,2.75,2.4,3.1,2.8,2.4,3.1,2.8,2.5,3.1,2.85,2.4,2.9,3,2.38,2.8,2.9,2.52,3.2,3,2.43,3.06,2.85,2.48,3.1,2.94,2.25,1.62,2.25,1.67,2.17,1.63,2.06,1.55,0,1.7,2.1,1.8,2.1,1.72,2.02,1.71,2.05,,,,,,,,,,,,,,,,,,,,,,,,,,,,,,,,,,,,,,,,,,,,
I2,29/08/2026,20:00,Padova,Verona,,2.82,3,2.4,2.8,3.1,2.4,2.8,3,2.45,2.8,3.1,2.5,2.8,3,2.45,2.75,2.9,2.4,2.9,3.15,2.54,2.82,3.02,2.46,2.98,3.1,2.68,2.35,1.57,2.38,1.57,2.31,1.55,2.46,1.6,0,2.03,1.78,2.03,1.78,1.99,1.75,2.04,1.85,,,,,,,,,,,,,,,,,,,,,,,,,,,,,,,,,,,,,,,,,,,,
I2,30/08/2026,18:00,Arezzo,Palermo,,3.5,3.2,2.05,3.4,3.1,2.1,3.5,3.1,2.05,3.4,3.2,2.15,3.3,3.2,2.1,3.25,3.1,2.05,3.75,3.2,2.15,3.44,3.12,2.09,,,,2.35,1.57,2.35,1.62,2.26,1.57,,,0.25,2,1.8,2,1.8,1.96,1.77,,,,,,,,,,,,,,,,,,,,,,,,,,,,,,,,,,,,,,,,,,,,,,
I2,30/08/2026,18:00,Mantova,Empoli,,2.05,3.1,3.5,2.05,3.25,3.4,2.05,3.2,3.4,2.05,3.3,3.5,2.1,3.1,3.3,2.05,3,3.25,2.1,3.35,3.65,2.06,3.2,3.43,2.14,3.3,3.65,2.1,1.7,2.1,1.73,2.02,1.71,2.12,1.72,-0.5,2.08,1.73,2.08,1.8,2.01,1.72,,,,,,,,,,,,,,,,,,,,,,,,,,,,,,,,,,,,,,,,,,,,,,
I2,30/08/2026,20:00,Benevento,Sudtirol,,2.05,3.1,3.6,2.05,3.1,3.6,2.05,3.1,3.5,2.1,3.1,3.6,2.1,3.1,3.4,2.05,3,3.25,2.15,3.15,3.9,2.07,3.08,3.56,2.12,3.15,3.85,2.35,1.57,2.38,1.58,2.3,1.55,2.36,1.59,-0.5,2.08,1.73,2.08,1.77,2.02,1.71,,,,,,,,,,,,,,,,,,,,,,,,,,,,,,,,,,,,,,,,,,,,,,
I2,30/08/2026,20:00,Pisa,Catanzaro,,1.79,3.1,4.5,1.83,3.25,4.2,1.8,3.25,4.33,1.85,3.3,4.33,1.87,3.1,4.2,1.83,3,4,1.88,3.4,4.5,1.83,3.23,4.32,1.81,3.2,4.7,2.3,1.6,2.3,1.62,2.23,1.59,2.14,1.52,-0.5,1.83,1.98,1.83,1.98,1.8,1.92,,,,,,,,,,,,,,,,,,,,,,,,,,,,,,,,,,,,,,,,,,,,,,
N1,28/08/2026,19:00,Groningen,For Sittard,,1.45,4.75,6.25,1.44,4.5,5.5,1.44,4.75,6,1.49,4.6,6,1.44,4.5,5.5,1.44,4.33,5.25,1.49,4.9,6.25,1.46,4.63,5.8,1.53,5,6.4,1.48,2.6,1.5,2.8,1.45,2.62,1.53,2.84,-1.25,1.95,1.85,1.98,1.85,1.94,1.8,2.03,1.9,,,,,,,,,,,,,,,,,,,,,,,,,,,,,,,,,,,,,,,,,,,,
N1,29/08/2026,15:30,Excelsior,Sparta Rotterdam,,2.4,3.8,2.63,2.3,3.6,2.63,2.3,3.7,2.7,2.37,3.7,2.7,2.3,3.6,2.63,2.25,3.5,2.5,2.4,3.8,2.75,2.33,3.67,2.66,2.52,3.8,2.82,1.53,2.4,1.58,2.5,1.52,2.4,1.56,2.46,-0.25,2.05,1.75,2.05,1.75,2.03,1.73,2.15,1.84,,,,,,,,,,,,,,,,,,,,,,,,,,,,,,,,,,,,,,,,,,,,
N1,29/08/2026,17:45,AZ Alkmaar,Go Ahead Eagles,,1.4,5,7.5,1.33,5,7,1.36,5.25,7,1.41,5.25,6.75,1.33,5,7,1.33,4.75,6.25,1.41,5.4,7.5,1.37,5.1,6.74,1.43,5.4,7.6,1.4,2.88,1.4,3.1,1.36,2.98,1.36,3.2,-1.5,2,1.8,2,1.8,1.96,1.77,2.04,1.83,,,,,,,,,,,,,,,,,,,,,,,,,,,,,,,,,,,,,,,,,,,,
N1,29/08/2026,20:00,Zwolle,Nijmegen,,4.5,4.33,1.67,4.33,4.2,1.62,4.33,4.33,1.65,4.33,4.2,1.7,4.5,4.2,1.6,4.2,4,1.57,4.5,4.5,1.7,4.31,4.27,1.65,4.4,4.5,1.73,1.44,2.7,1.45,2.88,1.4,2.76,1.46,3,0.75,1.98,1.83,2,1.85,1.94,1.8,2.03,1.9,,,,,,,,,,,,,,,,,,,,,,,,,,,,,,,,,,,,,,,,,,,,
N1,30/08/2026,11:15,Utrecht,PSV Eindhoven,,4.5,4.33,1.67,4.2,4.2,1.62,4.33,4.33,1.65,4.4,4.33,1.68,4.2,4.33,1.62,4,4.2,1.6,4.5,4.4,1.68,4.26,4.3,1.65,4.6,4.7,1.67,1.4,2.88,1.42,3,1.37,2.91,1.39,2.72,0.75,2,1.8,2,1.8,1.96,1.78,2.09,1.84,,,,,,,,,,,,,,,,,,,,,,,,,,,,,,,,,,,,,,,,,,,,
N1,30/08/2026,13:30,Feyenoord,Den Haag,,1.17,8,15,1.14,7.5,13,1.13,8.5,15,1.18,8.25,12.5,1.13,7,14,1.13,6.5,11,1.18,8.5,16,1.15,7.8,13.58,1.19,9,17,1.29,3.6,1.29,3.75,1.27,3.52,1.3,3.9,-2.25,1.9,1.9,1.9,1.9,1.85,1.88,,,,,,,,,,,,,,,,,,,,,,,,,,,,,,,,,,,,,,,,,,,,,,
N1,30/08/2026,13:30,Willem II,Heerenveen,,4,4.33,1.75,3.6,4,1.8,3.9,4.1,1.75,3.9,4.1,1.8,3.7,4,1.75,3.5,3.8,1.73,4,4.33,1.81,3.77,4.1,1.77,4,4.3,1.84,1.44,2.7,1.45,2.88,1.41,2.72,1.44,1.12,0.5,2.08,1.73,2.08,1.8,2,1.74,,,,,,,,,,,,,,,,,,,,,,,,,,,,,,,,,,,,,,,,,,,,,,
N1,30/08/2026,15:45,Telstar,Ajax,,5,4.5,1.57,4.6,4.2,1.57,4.8,4.4,1.57,5,4.5,1.58,5,4.5,1.5,4.6,4.33,1.44,5,4.5,1.6,4.73,4.41,1.56,5.5,5,1.58,1.4,2.88,1.42,3,1.38,2.88,1.42,3,1,1.85,1.95,1.85,1.95,1.82,1.91,,,,,,,,,,,,,,,,,,,,,,,,,,,,,,,,,,,,,,,,,,,,,,
N1,30/08/2026,19:00,Cambuur,Twente,,7.5,5.75,1.33,8,5,1.3,8,5.25,1.33,7.5,5.25,1.36,8,5.5,1.25,7,5,1.25,8,5.75,1.36,7.6,5.28,1.32,8.6,5.5,1.39,1.44,2.7,1.44,2.75,1.41,2.73,1.44,2.86,1.5,1.88,1.93,1.9,1.93,1.85,1.87,,,,,,,,,,,,,,,,,,,,,,,,,,,,,,,,,,,,,,,,,,,,,,
P1,28/08/2026,20:15,Rio Ave,Sp Lisbon,,8.5,5.5,1.27,9,5,1.29,8.5,5,1.29,8.5,5.25,1.32,9.5,5.5,1.29,8.5,5.5,1.29,9.8,5.75,1.32,8.75,5.28,1.29,10.5,6,1.34,1.6,2.3,1.6,2.4,1.57,2.29,1.64,2.52,1.5,1.93,1.93,1.93,1.93,1.87,1.86,1.97,1.98,,,,,,,,,,,,,,,,,,,,,,,,,,,,,,,,,,,,,,,,,,,,
P1,29/08/2026,15:30,Alverca,Santa Clara,,2.57,3.1,2.65,2.6,3.1,2.6,2.55,3,2.7,2.65,3.1,2.65,2.7,3.2,2.63,2.63,3.1,2.6,2.7,3.2,2.75,2.63,3.11,2.67,2.8,3.2,2.88,2.35,1.57,2.35,1.62,2.25,1.58,2.24,1.63,0,1.88,1.98,1.88,1.98,1.84,1.89,1.93,2,,,,,,,,,,,,,,,,,,,,,,,,,,,,,,,,,,,,,,,,,,,,
P1,29/08/2026,15:30,Arouca,Maritimo,,2.1,3.25,3.4,2.15,3.25,3.2,2.1,3.2,3.3,2.2,3.25,3.2,2.2,3.3,3.3,2.2,3.2,3.2,2.2,3.3,3.4,2.15,3.25,3.31,2.2,3.3,3.95,2.08,1.73,2.1,1.75,2.06,1.7,2.16,1.8,-0.25,1.85,2,1.85,2,1.81,1.93,1.87,2.1,,,,,,,,,,,,,,,,,,,,,,,,,,,,,,,,,,,,,,,,,,,,
P1,29/08/2026,18:00,Academico Viseu,Porto,,9,4.75,1.3,9,4.6,1.3,9,4.75,1.29,8.25,5,1.34,9.5,5,1.29,8.5,5,1.29,10,5.25,1.35,8.87,4.9,1.31,11,5.7,1.35,1.7,2.1,1.7,2.2,1.66,2.12,1.75,2.2,1.5,1.85,2,1.85,2,1.79,1.93,,,,,,,,,,,,,,,,,,,,,,,,,,,,,,,,,,,,,,,,,,,,,,
P1,30/08/2026,15:30,Nacional,Estrela,,2.3,3.3,3.1,2.25,3.3,2.88,2.3,3.25,2.88,2.25,3.3,3,2.25,3.4,3,2.25,3.3,2.9,2.3,3.4,3.1,2.28,3.28,2.98,2.4,3.3,3.1,2,1.85,2,1.85,1.92,1.81,2.06,1.8,-0.25,2.03,1.83,2.03,1.83,1.96,1.78,,,,,,,,,,,,,,,,,,,,,,,,,,,,,,,,,,,,,,,,,,,,,,
P1,30/08/2026,18:00,Casa Pia,Moreirense,,2.35,3.1,3.1,2.38,3,3,2.3,3,3,2.35,3.1,3.1,2.4,3,3,2.38,3,3,2.4,3.1,3.2,2.36,3.04,3.07,2.48,3.05,3.45,2.4,1.53,2.45,1.55,2.39,1.52,2.46,1.58,-0.25,2.05,1.8,2.05,1.8,1.98,1.77,,,,,,,,,,,,,,,,,,,,,,,,,,,,,,,,,,,,,,,,,,,,,,
P1,30/08/2026,20:30,Famalicao,Gil Vicente,,2.15,3.25,3.3,2.1,3.1,3.4,2.15,3.1,3.25,2.15,3.2,3.4,2.1,3.25,3.5,2.1,3.2,3.4,2.2,3.25,3.5,2.14,3.17,3.38,2.26,3.1,3.6,2.25,1.62,2.25,1.65,2.21,1.6,2.32,1.54,-0.25,1.93,1.93,1.93,1.93,1.84,1.9,,,,,,,,,,,,,,,,,,,,,,,,,,,,,,,,,,,,,,,,,,,,,,
P1,31/08/2026,20:15,Benfica,Estoril,,1.15,7.5,12,1.14,7,13,1.15,6.5,13,1.18,8,11.5,1.14,7.5,15,1.13,6.5,11,1.19,8,15,1.16,6.97,12.88,1.19,7,14,1.4,2.88,1.4,3,1.37,2.9,,,-2,1.88,1.98,1.88,2,1.81,1.93,,,,,,,,,,,,,,,,,,,,,,,,,,,,,,,,,,,,,,,,,,,,,,
P1,31/08/2026,20:15,Sp Braga,Guimaraes,,1.68,3.6,5,1.73,3.5,4.5,1.73,3.5,4.4,1.75,3.6,4.4,1.7,3.7,4.75,1.67,3.5,4.33,1.75,3.7,5,1.72,3.55,4.57,1.82,3.6,4.9,1.98,1.88,1.98,1.88,1.91,1.82,1.87,1.74,-0.75,2,1.85,2,1.85,1.94,1.8,2.02,1.84,,,,,,,,,,,,,,,,,,,,,,,,,,,,,,,,,,,,,,,,,,,,
SC0,29/08/2026,15:00,Celtic,Falkirk,C Graham,1.19,6.5,11,1.2,7,13,1.18,6.5,11,1.24,6.5,10,1.22,6.5,10,1.22,6,9,1.24,7,13,1.2,6.52,10.81,1.23,7.2,13.5,1.36,3.2,1.37,3.25,1.34,3.06,1.4,3.25,-2,2,1.85,2,1.85,1.92,1.82,1.97,1.91,,,,,,,,,,,,,,,,,,,,,,,,,,,,,,,,,,,,,,,,,,,,
SC0,29/08/2026,15:00,Hearts,St Johnstone,R Lee,1.68,3.75,4.5,1.73,4,4.33,1.7,3.7,4.33,1.73,3.9,4.2,1.75,3.8,4,1.75,3.75,3.9,1.75,4,4.5,1.72,3.82,4.27,1.74,4,4.9,1.73,2.1,1.8,2.1,1.72,2.02,1.83,2.12,-0.75,1.95,1.9,1.95,1.9,1.9,1.84,1.94,1.95,,,,,,,,,,,,,,,,,,,,,,,,,,,,,,,,,,,,,,,,,,,,
SC0,29/08/2026,15:00,Kilmarnock,Dundee United,N Walsh,2.35,3.4,2.7,2.38,3.6,2.75,2.4,3.4,2.63,2.45,3.4,2.65,2.45,3.4,2.75,2.4,3.25,2.7,2.45,3.6,2.78,2.39,3.45,2.69,2.64,3.55,2.76,1.8,2,1.8,2.05,1.75,1.99,1.78,2.08,0,1.83,2.03,1.83,2.05,1.76,1.98,1.9,2.02,,,,,,,,,,,,,,,,,,,,,,,,,,,,,,,,,,,,,,,,,,,,
SC0,30/08/2026,12:00,Aberdeen,Rangers,M MacDermid,4.33,3.8,1.76,4.2,4,1.8,4,3.75,1.75,4,3.8,1.77,4,4,1.73,4,3.9,1.73,4.33,4,1.8,4.07,3.81,1.76,4.1,3.85,1.89,1.67,2.2,1.67,2.3,1.6,2.21,1.64,2.26,0.5,2.03,1.78,2.1,1.78,2.01,1.73,2.08,1.89,,,,,,,,,,,,,,,,,,,,,,,,,,,,,,,,,,,,,,,,,,,,
SC0,30/08/2026,15:00,Dundee,Hibernian,J Beaton,3.2,3.4,2.2,3.1,3.5,2.25,3,3.4,2.2,3,3.4,2.25,3.1,3.2,2.3,3.1,3.1,2.25,3.2,3.5,2.3,3.05,3.37,2.22,3.2,3.5,2.26,1.91,1.91,1.91,1.95,1.82,1.91,1.87,2,0.25,1.9,1.95,1.9,1.95,1.84,1.9,1.93,1.95,,,,,,,,,,,,,,,,,,,,,,,,,,,,,,,,,,,,,,,,,,,,
SC0,30/08/2026,15:00,St Mirren,Motherwell,K Clancy,2.45,3.3,2.7,2.5,3.4,2.75,2.45,3.25,2.7,2.5,3.4,2.65,2.7,3,2.75,2.63,2.9,2.7,2.7,3.4,2.8,2.51,3.21,2.72,2.58,3.2,2.84,2,1.85,2,1.85,1.93,1.8,1.98,1.84,0,1.85,2,1.85,2,1.79,1.95,1.83,1.99,,,,,,,,,,,,,,,,,,,,,,,,,,,,,,,,,,,,,,,,,,,,
SC1,28/08/2026,19:30,Dunfermline,Raith Rvs,D Nicolson,2.45,3.2,2.5,2.6,3.3,2.5,2.5,3.25,2.6,2.45,3.2,2.5,2.5,3.3,2.5,2.45,3.25,2.45,2.6,3.5,2.65,2.48,3.31,2.53,2.8,3.45,2.7,1.95,1.85,1.95,1.91,1.87,1.84,1.95,1.96,0,1.88,1.93,1.88,1.93,1.84,1.88,1.98,1.93,,,,,,,,,,,,,,,,,,,,,,,,,,,,,,,,,,,,,,,,,,,,
SC1,29/08/2026,15:00,Arbroath,Livingston,C Steven,3.1,3.2,2.1,3.3,3.5,2,3.3,3.4,2,3.1,3.4,1.98,3.3,3.4,2,3.25,3.3,1.95,3.35,3.5,2.1,3.26,3.38,2.01,3.5,3.5,2.08,1.85,1.95,1.85,1.95,1.82,1.89,1.87,1.98,0.5,1.78,2.03,1.78,2.05,1.73,1.99,1.83,2.08,,,,,,,,,,,,,,,,,,,,,,,,,,,,,,,,,,,,,,,,,,,,
SC1,29/08/2026,15:00,Ayr,Morton,D McFarlane,1.65,3.6,4.75,1.7,3.6,4.5,1.65,3.6,4.8,1.66,3.4,4.4,1.67,3.6,4.5,1.67,3.5,4.33,1.71,3.6,4.8,1.67,3.55,4.59,1.7,3.65,5.3,2,1.8,2,1.8,1.98,1.74,2.04,1.78,-0.75,1.88,1.93,1.91,1.93,1.86,1.85,1.94,1.92,,,,,,,,,,,,,,,,,,,,,,,,,,,,,,,,,,,,,,,,,,,,
SC1,29/08/2026,15:00,Partick,Queens Park,C Scott,1.3,4.33,8,1.33,4.6,8.5,1.3,4.8,8.5,1.32,4.75,7,1.29,4.75,8.5,1.29,4.6,7.5,1.35,5.25,9.2,1.31,4.69,8.17,1.31,5.2,10.5,1.7,2.1,1.7,2.15,1.67,2.09,1.68,2.16,-1.5,1.98,1.83,1.98,1.83,1.93,1.76,1.94,1.84,,,,,,,,,,,,,,,,,,,,,,,,,,,,,,,,,,,,,,,,,,,,
SC1,29/08/2026,15:00,Stenhousemuir,Inverness C,D Robertson,3.2,3.3,2,3.6,3.4,1.95,3.6,3.3,1.95,3.5,3.25,1.9,3.6,3.4,1.91,3.5,3.25,1.85,3.6,3.4,2.02,3.55,3.31,1.94,3.8,3.35,2.06,2.08,1.73,2.08,1.8,2,1.73,1.93,1.69,0.5,1.75,2.05,1.8,2.05,1.77,1.93,1.83,2.06,,,,,,,,,,,,,,,,,,,,,,,,,,,,,,,,,,,,,,,,,,,,
SC2,29/08/2026,15:00,Airdrie Utd,East Fife,P Stuart,1.8,3.5,3.7,1.83,3.4,3.75,1.83,3.4,3.9,1.83,3.5,3.5,1.8,3.5,3.8,1.8,3.4,3.75,1.88,3.8,3.9,1.82,3.5,3.69,1.86,3.45,4,1.9,1.9,1.9,1.91,1.84,1.86,1.9,1.87,-0.5,1.85,1.95,1.88,1.95,1.83,1.87,1.86,1.9,,,,,,,,,,,,,,,,,,,,,,,,,,,,,,,,,,,,,,,,,,,,
SC2,29/08/2026,15:00,Alloa,Peterhead,I Snedden,2.05,3.25,3.1,2.05,3.25,3.2,2.1,3.25,3.2,2.05,3.25,3.1,2,3.3,3.3,2,3.25,3.1,2.1,3.5,3.3,2.05,3.3,3.15,2.22,3.05,3.1,1.98,1.83,1.98,1.83,1.93,1.79,1.39,1.76,-0.25,1.85,1.95,1.85,1.95,1.81,1.9,1.91,1.87,,,,,,,,,,,,,,,,,,,,,,,,,,,,,,,,,,,,,,,,,,,,
SC2,29/08/2026,15:00,Hamilton,Cove Rangers,J Hay,1.5,3.9,5.25,1.5,4,5,1.53,4,5.25,1.51,4,4.8,1.5,4.2,5.5,1.5,4,5,1.55,4.5,5.5,1.52,4.11,4.98,1.55,4.1,5.7,1.7,2.1,1.7,2.15,1.66,2.1,1.64,2.1,-1,1.93,1.88,1.93,1.88,1.89,1.82,1.9,1.81,,,,,,,,,,,,,,,,,,,,,,,,,,,,,,,,,,,,,,,,,,,,
SC2,29/08/2026,15:00,Montrose,Queen of Sth,L Hogarth,2,3.5,3,1.95,3.5,3.25,1.91,3.6,3.4,1.9,3.5,3.2,1.95,3.6,3.3,1.91,3.5,3.25,2,3.6,3.4,1.93,3.55,3.26,1.94,3.75,3.55,1.67,2.15,1.7,2.15,1.66,2.1,1.68,2.16,-0.5,1.95,1.85,1.98,1.85,1.91,1.79,1.94,1.87,,,,,,,,,,,,,,,,,,,,,,,,,,,,,,,,,,,,,,,,,,,,
SC2,29/08/2026,17:30,Ross County,East Kilbride,J Wilkie,1.57,3.9,4.5,1.57,4,4.5,1.57,4,4.8,1.57,4,4.33,1.62,4.5,4,1.6,4.2,3.8,1.62,4.5,4.8,1.58,4.12,4.38,1.64,4.1,4.6,1.62,2.25,1.62,2.25,1.58,2.23,1.62,2.26,-1,2,1.8,2,1.8,1.95,1.76,2.02,1.72,,,,,,,,,,,,,,,,,,,,,,,,,,,,,,,,,,,,,,,,,,,,
SC3,28/08/2026,19:45,Edinburgh City,Forfar,G Soutar,1.6,3.7,4.75,1.62,3.6,4.5,1.6,3.7,4.8,1.65,3.5,4.5,1.7,3.5,4.5,1.7,3.3,4.33,1.7,3.8,4.8,1.65,3.6,4.48,1.7,3.9,5.2,1.85,1.95,1.85,1.95,1.82,1.88,1.89,2,-0.75,1.8,2,1.9,2,1.81,1.9,1.88,1.99,,,,,,,,,,,,,,,,,,,,,,,,,,,,,,,,,,,,,,,,,,,,
SC3,29/08/2026,15:00,Annan Athletic,Dumbarton,M Daly,1.85,3.6,3.4,1.83,3.6,3.4,1.87,3.6,3.5,1.85,3.5,3.3,1.91,3.7,3.4,1.85,3.5,3.3,1.93,3.7,3.5,1.87,3.56,3.41,1.78,3.6,3.4,1.65,2.2,1.67,2.25,1.61,2.16,1.54,2,-0.5,1.9,1.9,1.93,1.9,1.87,1.83,1.78,1.78,,,,,,,,,,,,,,,,,,,,,,,,,,,,,,,,,,,,,,,,,,,,
SC3,29/08/2026,15:00,Elgin,Stirling,G Grainger,1.8,3.5,3.7,1.83,3.6,3.5,1.8,3.6,3.7,1.82,3.5,3.5,1.8,3.8,3.7,1.8,3.6,3.5,1.85,3.8,3.8,1.82,3.56,3.61,1.86,3.8,3.75,1.67,2.15,1.67,2.2,1.63,2.15,1.5,2.02,-0.5,1.85,1.95,1.85,1.95,1.81,1.88,1.86,1.92,,,,,,,,,,,,,,,,,,,,,,,,,,,,,,,,,,,,,,,,,,,,
SC3,29/08/2026,15:00,Spartans,Clyde,C Stirling,2.05,3.5,2.9,2.1,3.5,2.88,2.1,3.4,3,2.05,3.4,3,2.05,3.6,2.9,2.05,3.5,2.88,2.15,3.6,3,2.08,3.47,2.94,2.16,3.5,3.05,1.73,2.08,1.75,2.1,1.7,2.04,1.73,2.02,-0.25,1.85,1.95,1.85,1.95,1.84,1.87,1.88,1.88,,,,,,,,,,,,,,,,,,,,,,,,,,,,,,,,,,,,,,,,,,,,
SC3,29/08/2026,15:00,Stranraer,Kelty Hearts,C Ashwood,2.05,3.4,3,2.1,3.4,2.88,2.1,3.3,3.1,2.05,3.4,2.95,2.05,3.5,3,2.05,3.4,2.9,2.1,3.5,3.1,2.07,3.41,3,2.12,3.2,3.2,1.8,2,1.8,2,1.75,1.95,1.81,2.02,-0.25,1.85,1.95,1.85,1.95,1.81,1.89,1.84,1.95,,,,,,,,,,,,,,,,,,,,,,,,,,,,,,,,,,,,,,,,,,,,
SP1,28/08/2026,18:00,Santander,Elche,,2,3.6,3.6,2.05,3.6,3.5,2.05,3.5,3.6,2.1,3.5,3.4,2,3.4,3.6,2,3.6,3.5,2.12,3.6,3.6,2.04,3.54,3.51,2.12,3.7,3.8,1.67,2.2,1.67,2.2,1.66,2.16,1.77,2.28,-0.5,2.05,1.8,2.05,1.8,1.98,1.76,2.12,1.88,,,,,,,,,,,,,,,,,,,,,,,,,,,,,,,,,,,,,,,,,,,,
SP1,28/08/2026,20:30,Alaves,Villarreal,,3.2,3.5,2.2,3,3.5,2.3,3.13,3.6,2.2,3.1,3.5,2.25,3.2,3.4,2.2,3.2,3.5,2.15,3.2,3.6,2.3,3.1,3.49,2.23,3.35,3.65,2.32,1.8,2,1.8,2,1.78,1.97,1.87,2.12,0.25,1.93,1.93,1.93,1.93,1.86,1.88,1.98,2,,,,,,,,,,,,,,,,,,,,,,,,,,,,,,,,,,,,,,,,,,,,
SP1,29/08/2026,16:00,Levante,Betis,,3.4,3.3,2.2,3.2,3.5,2.2,3.3,3.4,2.15,3.25,3.4,2.2,3.3,3.3,2.15,3.25,3.3,2.15,3.4,3.5,2.25,3.28,3.33,2.19,3.55,3.5,2.28,1.98,1.88,1.98,1.88,1.91,1.83,2.06,1.91,0.25,1.98,1.88,1.98,1.9,1.9,1.85,2.01,1.95,,,,,,,,,,,,,,,,,,,,,,,,,,,,,,,,,,,,,,,,,,,,
SP1,29/08/2026,18:00,Sociedad,Espanol,,1.91,3.6,4,1.9,3.75,3.75,1.87,3.7,4,1.9,3.6,3.9,1.87,3.6,4,1.85,3.6,3.9,1.91,3.75,4,1.88,3.64,3.92,1.96,3.85,4.3,1.88,1.98,1.88,2,1.8,1.94,1.92,2.04,-0.5,1.9,1.95,1.9,1.95,1.83,1.9,1.96,2.03,,,,,,,,,,,,,,,,,,,,,,,,,,,,,,,,,,,,,,,,,,,,
SP1,29/08/2026,20:30,Sevilla,Ath Madrid,,3.6,3.3,2.1,3.4,3.5,2.1,3.4,3.5,2.1,3.6,3.4,2.05,3.5,3.3,2.1,3.4,3.3,2.05,3.6,3.5,2.15,3.46,3.39,2.09,3.8,3.55,2.18,1.98,1.88,1.98,1.88,1.91,1.83,2,1.98,0.25,2.03,1.83,2.03,1.83,1.97,1.78,2.12,1.87,,,,,,,,,,,,,,,,,,,,,,,,,,,,,,,,,,,,,,,,,,,,
SP1,30/08/2026,16:00,Real Madrid,Malaga,,1.11,9,21,1.13,9,19,1.08,8.5,18,1.14,9,17,1.1,9.5,19,1.1,9,17,1.14,10,21,1.11,8.86,18.31,1.14,11,26,1.33,3.4,1.33,3.4,1.31,3.31,1.36,3.55,-2.5,1.95,1.9,1.95,1.9,1.9,1.83,2.01,1.94,,,,,,,,,,,,,,,,,,,,,,,,,,,,,,,,,,,,,,,,,,,,
SP1,30/08/2026,18:30,La Coruna,Valencia,,2.55,3,3.1,2.6,3.1,2.88,2.45,3,2.8,2.55,3.1,2.9,2.5,3,2.8,2.5,3.1,2.8,2.66,3.1,3.1,2.53,3.02,2.91,2.64,3.1,3.2,2.38,1.57,2.38,1.58,2.29,1.57,2.5,1.63,-0.25,2.1,1.7,2.15,1.7,2.09,1.68,2.2,1.81,,,,,,,,,,,,,,,,,,,,,,,,,,,,,,,,,,,,,,,,,,,,
SP1,30/08/2026,20:30,Celta,Ath Bilbao,,2.38,3.2,3.1,2.38,3.3,3,2.3,3.2,2.9,2.37,3.3,3,2.3,3.3,2.9,2.3,3.3,2.9,2.45,3.3,3.15,2.36,3.23,2.97,2.54,3.35,3.15,2.1,1.73,2.1,1.75,2.04,1.71,2.18,1.81,-0.25,2.05,1.8,2.05,1.8,1.99,1.76,2.18,1.82,,,,,,,,,,,,,,,,,,,,,,,,,,,,,,,,,,,,,,,,,,,,
SP1,31/08/2026,18:30,Osasuna,Getafe,,2.2,3,3.75,2.25,3,3.6,2.15,2.88,3.6,2.2,3,3.6,2.2,2.88,3.7,2.2,2.88,3.6,2.26,3,3.75,2.2,2.94,3.64,2.28,3.1,4,3,1.4,3,1.42,2.86,1.39,3.2,1.44,-0.25,1.88,1.98,1.88,1.98,1.83,1.91,1.91,2.05,,,,,,,,,,,,,,,,,,,,,,,,,,,,,,,,,,,,,,,,,,,,
SP1,31/08/2026,20:30,Barcelona,Vallecano,,1.17,8,13,1.17,7.5,15,1.13,7,15,1.2,7.25,13,1.14,8,15,1.14,8,15,1.2,8,15,1.16,7.46,14.04,1.19,9.2,18.5,1.36,3.2,1.36,3.25,1.33,3.16,1.38,3.4,-2.25,2,1.85,2,1.85,1.95,1.79,2.02,1.74,,,,,,,,,,,,,,,,,,,,,,,,,,,,,,,,,,,,,,,,,,,,
SP2,28/08/2026,20:00,Tenerife,Sp Gijon,,2.2,3.2,3.3,2.25,3.1,3.1,2.2,3.1,3.13,2.25,3,3.1,2.2,3,3,2.2,3,3,2.25,3.2,3.3,2.23,3.1,3.15,2.36,3.25,3.55,2.3,1.6,2.3,1.65,2.24,1.6,2.44,1.67,-0.25,1.93,1.88,1.93,1.88,1.9,1.83,2,1.96,,,,,,,,,,,,,,,,,,,,,,,,,,,,,,,,,,,,,,,,,,,,
SP2,29/08/2026,16:00,Sabadell,Almeria,,2.65,3.2,2.55,2.63,3.2,2.5,2.63,3.1,2.55,2.65,3.1,2.55,2.6,3.1,2.5,2.5,3.1,2.45,2.74,3.3,2.6,2.64,3.14,2.53,2.82,3.25,2.76,2.15,1.67,2.2,1.67,2.14,1.64,2.26,1.71,0,1.95,1.85,1.95,1.85,1.91,1.81,1.99,1.94,,,,,,,,,,,,,,,,,,,,,,,,,,,,,,,,,,,,,,,,,,,,
SP2,29/08/2026,18:00,Albacete,Oviedo,,2.45,3.2,2.85,2.38,3,3,2.4,3,2.9,2.37,2.95,3,2.3,3,2.9,2.3,2.9,2.88,2.45,3.2,3.15,2.39,3.03,2.95,2.5,3,3.2,2.4,1.53,2.45,1.57,2.37,1.53,2.4,1.58,-0.25,2.1,1.7,2.1,1.8,2.02,1.72,2.12,1.78,,,,,,,,,,,,,,,,,,,,,,,,,,,,,,,,,,,,,,,,,,,,
SP2,29/08/2026,18:00,Leganes,Eldense,,1.91,3.5,3.8,1.91,3.3,3.75,1.9,3.3,3.8,1.88,3.3,3.75,1.85,3.3,3.75,1.83,3.25,3.6,1.95,3.5,3.95,1.9,3.37,3.77,1.96,3.6,4.2,2.05,1.75,2.05,1.8,1.99,1.75,2.1,1.83,-0.5,1.93,1.88,1.93,1.9,1.88,1.83,1.96,1.98,,,,,,,,,,,,,,,,,,,,,,,,,,,,,,,,,,,,,,,,,,,,
SP2,29/08/2026,20:30,Girona,Las Palmas,,1.68,3.5,5,1.73,3.6,4.2,1.67,3.7,4.5,1.66,3.7,4.4,1.67,3.6,4.2,1.67,3.5,4,1.73,3.75,5,1.69,3.63,4.52,1.78,3.85,5,1.8,2,1.8,2,1.75,1.99,1.85,2.08,-0.75,1.9,1.9,1.9,1.9,1.87,1.85,1.99,1.93,,,,,,,,,,,,,,,,,,,,,,,,,,,,,,,,,,,,,,,,,,,,
SP2,30/08/2026,16:00,Andorra,Eibar,,2.05,3.1,3.6,2.05,3.2,3.5,2.05,3.2,3.4,2.1,3.2,3.25,1.95,3.25,3.5,1.95,3.1,3.4,2.15,3.3,3.6,2.05,3.19,3.47,2.16,3.25,3.75,2.15,1.67,2.2,1.7,2.1,1.67,1.9,1.6,-0.5,2.1,1.7,2.1,1.8,2.04,1.7,2.16,1.77,,,,,,,,,,,,,,,,,,,,,,,,,,,,,,,,,,,,,,,,,,,,
SP2,30/08/2026,18:00,Cadiz,Valladolid,,2.5,3,3,2.4,3,2.88,2.45,3,2.8,2.45,3,2.8,2.4,3,2.8,2.38,2.9,2.75,2.52,3.14,3,2.45,3.01,2.86,2.64,3.1,3.05,2.4,1.53,2.4,1.62,2.28,1.57,2.42,1.6,0,1.75,2.05,1.75,2.08,1.72,2.02,1.82,2.08,,,,,,,,,,,,,,,,,,,,,,,,,,,,,,,,,,,,,,,,,,,,
SP2,30/08/2026,18:00,Mallorca,Ceuta,,1.39,4.2,8,1.4,4.33,7,1.36,4.4,7,1.43,4.4,6.25,1.36,4.4,6.5,1.36,4.2,6.25,1.43,4.75,8,1.39,4.44,6.76,1.44,4.7,7.6,1.7,2.1,1.7,2.2,1.64,2.14,1.69,2.2,-1.25,1.93,1.88,1.93,1.88,1.9,1.83,1.98,1.81,,,,,,,,,,,,,,,,,,,,,,,,,,,,,,,,,,,,,,,,,,,,
SP2,30/08/2026,20:30,Cordoba,Granada,,1.76,3.6,4.33,1.8,3.5,4,1.8,3.5,4.1,1.78,3.3,4.2,1.75,3.5,4,1.75,3.4,3.8,1.84,3.6,4.75,1.79,3.44,4.2,1.88,3.5,5.1,1.9,1.9,1.9,1.95,1.83,1.9,1.94,1.79,-0.5,1.8,2,1.8,2,1.77,1.94,,,,,,,,,,,,,,,,,,,,,,,,,,,,,,,,,,,,,,,,,,,,,,
SP2,31/08/2026,18:00,Burgos,Sociedad B,,1.76,3.4,4.75,1.8,3.4,4.2,1.8,3.3,4.33,1.83,3.2,4.2,1.75,3.3,4.2,1.73,3.1,3.9,1.84,3.5,4.75,1.79,3.33,4.34,1.73,3.3,5,2.15,1.67,2.15,1.7,2.11,1.66,,,-0.5,1.83,1.98,1.83,2,1.78,1.95,,,,,,,,,,,,,,,,,,,,,,,,,,,,,,,,,,,,,,,,,,,,,,
SP2,31/08/2026,20:30,Celta B,Castellon,,4.2,3.7,1.76,4,3.6,1.8,4,3.6,1.75,3.9,3.6,1.78,4,3.6,1.73,3.6,3.4,1.7,4.2,3.75,1.83,4,3.61,1.77,,,,1.8,2,1.8,2.1,1.74,1.99,,,0.5,2,1.8,2,1.8,1.95,1.76,,,,,,,,,,,,,,,,,,,,,,,,,,,,,,,,,,,,,,,,,,,,,,
T1,28/08/2026,19:30,Genclerbirligi,Erzurumspor,,1.96,3.25,3.9,2,3.2,3.6,2,3.13,3.7,2.05,3.2,3.7,1.95,3.1,4,1.91,3,3.8,2.05,3.25,4,2,3.14,3.78,2.08,3.35,4.4,2.3,1.6,2.3,1.67,2.22,1.61,2.38,1.69,-0.5,2,1.8,2,1.8,1.97,1.75,2.08,1.9,,,,,,,,,,,,,,,,,,,,,,,,,,,,,,,,,,,,,,,,,,,,
T1,29/08/2026,17:00,Konyaspor,Kocaelispor,,1.91,3.4,3.8,1.95,3.3,3.6,1.95,3.3,3.6,2.05,3.3,3.5,1.95,3.3,3.6,1.91,3.25,3.5,2.05,3.4,3.8,1.97,3.31,3.63,2.04,3.4,4.2,2.08,1.73,2.1,1.75,2.05,1.7,2.14,1.79,-0.5,2,1.8,2,1.8,1.94,1.76,2.04,1.9,,,,,,,,,,,,,,,,,,,,,,,,,,,,,,,,,,,,,,,,,,,,
T1,29/08/2026,19:30,Galatasaray,Goztep,,1.33,4.75,8,1.36,4.5,7,1.36,4.6,7,1.42,4.75,6.75,1.33,4.5,7,1.33,4.33,6.5,1.44,4.75,8,1.37,4.59,6.9,1.43,5.1,8.2,1.65,2.2,1.65,2.25,1.61,2.2,1.68,2.26,-1.25,1.9,1.9,1.93,1.9,1.87,1.85,1.93,1.99,,,,,,,,,,,,,,,,,,,,,,,,,,,,,,,,,,,,,,,,,,,,
T1,29/08/2026,19:30,Gaziantep,Rizespor,,2.45,3.5,2.57,2.4,3.5,2.6,2.4,3.4,2.6,2.5,3.5,2.6,2.4,3.5,2.6,2.38,3.4,2.5,2.5,3.55,2.7,2.42,3.46,2.6,2.62,3.55,2.78,1.8,2,1.8,2,1.75,1.99,1.84,2.08,0,1.83,1.98,1.83,2,1.79,1.94,1.89,2.03,,,,,,,,,,,,,,,,,,,,,,,,,,,,,,,,,,,,,,,,,,,,
T1,30/08/2026,17:00,Eyupspor,Alanyaspor,,3.2,3.3,2.2,3.1,3.25,2.2,3.1,3.2,2.2,3.1,3.25,2.25,3,3.3,2.2,2.9,3.1,2.15,3.2,3.3,2.25,3.08,3.23,2.21,3.3,2.42,2.08,2.08,1.73,2.1,1.73,2.05,1.7,2.2,1.25,0.25,1.85,1.95,1.85,1.95,1.83,1.9,,,,,,,,,,,,,,,,,,,,,,,,,,,,,,,,,,,,,,,,,,,,,,
T1,30/08/2026,19:30,Buyuksehyr,Kasimpasa,,1.61,3.8,5.25,1.62,4,4.6,1.65,3.75,4.6,1.66,3.9,4.75,1.62,3.8,4.75,1.6,3.75,4.6,1.67,4,5.25,1.64,3.83,4.69,1.68,3.9,5.8,1.75,2.05,1.75,2.1,1.72,2.02,1.01,1.25,-0.75,1.85,1.95,1.85,1.95,1.81,1.92,,,,,,,,,,,,,,,,,,,,,,,,,,,,,,,,,,,,,,,,,,,,,,
T1,30/08/2026,19:30,Samsunspor,Fenerbahce,,5,4.2,1.56,5,4,1.57,4.8,4,1.57,4.8,4.1,1.6,4.75,4,1.53,4.6,3.9,1.53,5.25,4.2,1.6,4.85,4.06,1.57,5.5,4.4,1.64,1.62,2.25,1.62,2.3,1.58,2.25,1.62,2.3,1,1.78,2.03,1.8,2.03,1.76,1.98,,,,,,,,,,,,,,,,,,,,,,,,,,,,,,,,,,,,,,,,,,,,,,
T1,31/08/2026,19:30,Amedspor,Trabzonspor,,3.6,3.8,1.86,3.4,3.6,1.95,3.4,3.5,1.95,3.5,3.6,1.93,3.4,3.6,1.91,3.1,3.3,1.85,3.6,3.8,2,3.39,3.58,1.93,3.45,3.6,2.14,1.7,2.1,1.7,2.2,1.67,2.1,,,0.5,1.85,1.95,1.85,1.95,1.79,1.91,,,,,,,,,,,,,,,,,,,,,,,,,,,,,,,,,,,,,,,,,,,,,,
T1,31/08/2026,19:30,Besiktas,Corum,,1.37,5,7,,,,1.44,4.1,6.5,1.47,4.2,6.5,1.4,4.2,7,1.4,3.9,6,1.48,5,7.8,1.43,4.28,6.59,,,,1.83,1.98,1.83,1.98,1.79,1.93,,,-1.25,2.05,1.75,2.05,1.8,1.99,1.75,,,,,,,,,,,,,,,,,,,,,,,,,,,,,,,,,,,,,,,,,,,,,,
